50
126 0 814 910 25 626 811 975 876 648 986 625 94 847 187 227 208 822 603 161 329 347 181 905 461 128 945 574 311 607 250 934 421 865 74 559 146 859 929 154 1 996 937 356 890 23 826 870 538 358
821 153 993 102 730 779 819 908 448 897 680 237 664 268 397 52 203 228 773 628 81 349 893 449 160 332 410 825 15 438 302 75 36 953 786 97 940 318 135 294 740 237 411 31 473 764 332 668 958 838
820 597 96 909 276 472 259 543 942 397 368 993 893 10 595 605 200 710 482 300 111 884 92 479 888 843 938 861 975 396 999 742 867 176 617 704 978 126 677 314 837 397 376 738 925 746 344 400 436 868
563 622 185 657 727 935 504 617 21 433 534 397 567 546 397 626 126 716 392 890 626 74 32 168 462 714 508 354 553 142 499 537 425 107 832 377 556 209 449 682 200 361 105 244 780 440 829 829 340 299
619 627 8 546 242 488 589 17 194 13 427 150 64 879 933 996 972 460 713 20 70 917 267 710 689 265 969 788 387 22 884 679 13 254 522 871 528 879 865 343 787 538 14 436 255 50 296 225 310 783
467 369 115 320 228 702 360 298 856 976 519 800 629 171 128 748 136 810 356 62 467 92 594 369 233 531 902 831 455 639 968 743 478 604 554 515 563 693 25 820 511 230 23 888 824 986 909 842 307 506
913 486 869 247 315 374 774 745 86 697 799 528 842 216 8 776 322 25 617 612 184 442 784 536 550 237 69 706 545 246 622 59 524 948 726 481 874 230 288 180 741 818 606 328 20 983 387 806 880 47
664 883 225 694 322 470 701 332 697 78 305 68 199 840 74 739 4 894 490 526 902 91 736 437 871 366 836 456 515 567 849 262 825 497 582 738 834 829 625 255 780 541 533 210 874 673 618 766 253 281
978 493 316 353 145 572 147 788 823 956 634 244 817 129 228 42 242 701 258 335 905 175 268 234 746 360 558 525 562 198 747 69 202 234 588 356 946 472 352 9 591 45 5 669 620 535 724 403 981 832
430 916 508 918 375 803 224 81 607 785 14 621 226 625 208 564 42 582 540 872 95 769 349 248 744 859 169 599 614 211 636 154 543 729 767 830 561 284 858 785 132 864 865 567 995 969 819 380 460 56
493 141 863 108 736 661 567 259 174 515 634 624 467 395 148 860 77 496 857 378 2 757 723 755 740 230 904 782 253 774 40 788 139 558 718 494 290 435 992 106 263 301 110 343 151 507 397 469 418 134
891 322 522 81 53 735 417 107 368 506 756 785 6 399 475 845 485 909 677 653 569 642 504 751 115 701 646 380 604 233 833 434 364 118 882 717 266 57 505 982 77 182 66 486 349 477 295 711 867 305
22 488 791 764 565 248 818 770 966 351 88 36 503 135 672 321 420 887 516 757 579 427 404 695 576 386 576 17 402 637 405 935 513 298 210 344 643 599 553 634 899 495 91 153 893 41 679 931 813 28
56 407 194 110 725 594 84 96 188 178 672 800 368 328 946 153 523 204 924 327 678 821 334 882 857 84 336 250 802 535 707 644 203 374 580 998 741 402 573 615 260 546 411 374 961 98 126 762 206 740
517 474 7 486 349 235 73 312 252 641 258 833 294 652 471 28 597 994 748 948 411 120 631 308 67 131 410 959 921 759 957 573 43 62 17 232 636 717 24 345 924 429 150 931 357 426 252 758 903 932
501 132 14 258 328 397 843 699 418 217 825 114 390 493 684 684 789 232 635 239 391 879 969 403 23 982 970 700 951 640 879 651 56 988 257 825 559 785 733 620 388 937 299 807 519 810 38 656 247 672
637 20 123 663 541 622 162 611 235 345 427 143 747 777 338 173 57 402 236 858 124 4 498 14 850 454 580 162 883 213 944 313 452 278 3 859 528 392 447 634 662 948 549 388 193 245 189 521 468 345
752 635 420 388 547 632 522 108 812 86 42 999 727 21 400 113 690 469 774 479 645 665 955 601 195 176 454 109 821 605 264 58 693 537 461 309 892 63 730 370 336 420 579 360 592 662 220 528 987 79
554 720 746 989 700 86 679 819 192 371 177 412 286 207 822 983 306 189 560 91 220 626 738 403 142 225 85 595 9 533 955 926 121 741 50 544 311 703 837 374 629 73 871 359 193 924 133 372 537 608
356 31 967 896 858 928 981 343 847 474 1 84 809 659 415 251 291 544 157 278 671 602 351 186 462 147 755 379 210 218 91 713 57 400 176 924 958 225 883 122 563 968 856 363 372 544 264 211 944 941
633 589 214 259 937 753 679 781 433 711 172 601 133 628 383 287 26 409 482 490 293 65 661 35 715 703 745 988 813 917 883 543 435 269 585 502 498 798 463 422 245 176 791 171 949 961 835 227 980 84
518 854 728 453 648 567 927 179 543 233 8 690 968 515 828 628 166 864 43 880 788 228 945 60 245 116 273 490 86 753 868 518 8 728 399 28 815 981 620 17 574 319 254 229 414 554 208 275 342 320
795 970 183 99 295 290 909 668 208 531 293 437 93 789 365 489 682 239 116 800 813 184 243 26 305 469 973 715 645 690 907 997 147 765 958 897 334 908 432 109 119 146 773 89 723 137 226 464 864 924
872 968 159 542 506 611 727 157 793 826 316 193 22 517 623 295 290 327 831 468 155 773 806 6 681 667 410 153 302 168 242 508 851 721 818 938 838 604 259 347 169 176 115 606 792 925 123 255 465 427
846 898 633 396 768 98 162 152 861 839 200 573 855 624 583 808 341 301 699 684 457 685 68 483 298 979 657 200 213 755 543 154 688 874 321 343 874 455 952 719 776 685 743 419 146 595 320 490 22 984
583 822 556 781 970 161 830 149 97 789 440 961 939 105 295 46 885 981 302 240 933 886 349 979 907 772 942 648 336 703 658 167 178 229 171 721 597 907 904 160 513 725 357 162 279 815 746 637 123 100
709 339 187 781 51 697 472 577 873 198 219 181 812 394 131 273 782 710 934 574 448 978 77 142 726 208 528 187 699 91 26 304 524 236 993 318 979 396 178 474 248 20 33 706 941 331 912 963 30 6
33 35 703 549 652 731 262 45 55 842 168 285 877 781 171 914 656 576 400 812 293 385 532 459 326 427 944 371 201 395 296 565 156 693 58 990 600 975 583 261 56 934 341 335 306 963 143 252 534 26
674 335 562 217 712 647 503 244 223 224 786 891 843 659 546 603 128 183 722 181 314 680 993 139 756 359 44 196 152 362 284 692 836 174 720 961 2 938 981 411 486 356 752 359 475 164 90 681 789 703
834 959 529 352 711 993 342 423 461 352 603 307 91 860 939 94 54 669 939 585 600 189 201 311 694 958 928 634 663 592 268 362 407 449 527 325 162 484 463 726 618 578 477 628 807 179 264 892 419 381
109 421 742 204 102 645 757 217 657 753 65 708 759 869 83 241 900 642 332 614 931 570 205 212 966 22 712 573 504 515 694 35 214 282 482 847 620 202 346 882 567 945 826 709 660 910 818 608 544 566
279 621 559 804 449 539 215 529 238 80 932 184 713 142 59 29 493 476 387 236 621 697 295 450 46 986 744 496 552 55 203 104 28 938 235 72 476 409 832 942 632 90 964 266 950 382 231 683 650 630
417 341 221 308 944 581 325 109 758 463 795 719 977 183 877 828 156 775 906 986 553 83 643 444 604 530 733 29 500 664 754 60 845 921 637 861 882 719 993 653 746 366 651 369 147 912 113 781 389 121
226 455 777 664 77 334 698 776 704 414 848 296 609 93 709 734 874 55 545 15 945 436 782 252 240 187 431 274 297 691 417 952 640 378 437 298 283 181 844 303 163 105 15 578 805 450 757 557 659 412
38 57 235 373 176 790 673 524 424 889 902 423 479 13 997 896 655 230 656 410 451 693 211 242 852 839 420 203 447 789 429 874 615 884 652 359 716 267 202 647 625 758 756 954 401 740 626 2 581 908
794 526 901 248 961 345 846 993 521 336 369 469 76 634 460 28 807 595 360 638 180 388 28 9 785 692 936 257 841 112 213 418 622 539 995 903 972 366 923 306 513 723 745 865 277 155 682 122 494 372
932 30 641 943 728 406 497 892 463 268 409 588 151 409 123 951 846 537 639 556 55 441 671 54 124 456 642 163 731 629 10 813 763 468 179 182 776 679 811 589 405 80 903 654 897 924 571 336 742 326
308 144 483 937 317 491 359 587 818 271 763 334 161 833 258 595 825 683 229 940 174 167 726 50 151 975 537 16 157 200 885 305 421 404 321 865 330 826 151 688 823 189 860 539 825 71 919 69 396 301
98 888 107 801 152 140 418 433 785 342 953 342 430 618 386 457 913 756 512 392 265 999 532 541 116 984 307 186 224 79 55 468 620 855 101 997 198 619 251 180 446 897 40 809 734 481 759 242 153 367
158 162 557 3 35 99 355 565 684 168 833 232 208 705 286 485 721 574 516 388 259 293 505 332 945 368 958 723 806 635 224 64 32 857 921 893 910 616 820 1 641 632 934 83 346 214 688 334 522 249
759 185 725 764 107 864 657 225 57 667 140 632 759 49 943 769 199 351 784 393 574 105 753 515 747 627 358 421 986 731 679 624 200 557 875 39 339 267 749 56 236 685 558 153 860 8 873 885 139 577
14 337 550 129 674 654 431 210 17 480 505 235 238 326 987 516 432 202 173 904 430 932 601 727 156 888 546 600 654 738 753 473 282 409 716 341 74 70 882 221 607 128 250 268 551 0 446 231 165 344
576 671 712 235 146 82 736 822 972 786 107 831 555 278 727 32 952 829 610 646 442 361 319 951 296 301 681 333 176 156 442 314 434 310 162 82 761 46 262 633 605 251 97 95 114 776 573 971 541 518
47 616 621 519 902 214 351 760 938 845 400 402 646 816 344 792 396 245 115 644 271 905 567 976 40 190 264 223 837 520 728 709 792 657 108 825 693 915 407 948 730 0 108 416 232 202 604 280 751 321
379 327 856 896 247 141 49 644 478 711 950 127 922 417 117 690 610 989 708 518 98 481 837 167 914 270 797 151 743 838 586 983 471 515 141 400 853 896 409 966 776 49 436 696 997 603 77 690 298 542
592 614 572 233 222 898 489 688 981 976 344 897 900 640 124 966 655 407 276 716 837 714 579 742 742 49 45 141 169 310 193 107 852 201 246 971 411 238 293 243 911 165 914 432 621 878 148 795 571 30
947 670 413 582 705 878 34 829 490 173 852 348 518 671 783 237 45 698 394 153 555 416 113 33 805 671 799 147 120 864 900 250 569 138 363 522 693 270 496 367 936 581 748 119 390 563 646 243 649 384
833 450 400 418 475 530 556 379 776 33 78 887 709 626 272 602 778 380 307 261 543 774 201 26 216 974 668 994 643 241 25 556 498 736 30 450 849 150 663 832 965 313 493 463 289 48 871 121 847 787
784 266 935 387 840 58 248 373 202 500 861 562 736 534 7 522 389 973 595 822 753 628 716 475 295 230 280 738 737 167 102 547 147 855 457 759 620 110 895 971 202 475 948 163 970 403 577 958 455 767
659 898 525 25 34 156 549 460 92 610 777 510 636 35 397 314 415 880 77 248 901 279 77 623 619 277 680 553 504 891 653 322 282 970 508 203 21 122 821 300 210 160 18 285 194 692 839 912 765 656
988 696 880 207 865 379 821 901 405 757 476 996 955 200 957 455 227 666 526 193 292 293 59 777 38 741 261 791 429 927 438 767 787 848 903 956 441 74 104 128 382 119 716 63 823 213 204 817 328 738
464 172 385 572 363 695 637 103 169 123 118 29 472 477 318 709 209 107 296 0 14 153 561 398 811 172 576 995 953 824 537 443 463 691 462 265 381 215 484 208 319 337 904 981 9 352 647 238 745 114
4 97 521 327 724 311 611 987 761 190 119 641 150 345 586 675 565 781 15 52 328 993 622 88 681 676 248 580 388 458 525 337 250 839 819 440 922 136 966 151 654 393 453 294 89 677 187 559 395 334
787 866 223 692 786 10 474 432 646 47 63 31 598 302 665 781 391 311 525 146 752 429 814 864 398 934 540 328 999 3 488 689 184 54 671 658 113 557 52 808 965 490 489 918 87 623 795 150 629 307
286 876 33 249 581 357 52 359 294 851 470 146 432 642 559 374 846 543 631 6 667 833 258 717 180 262 939 895 776 774 138 389 698 692 717 612 655 935 472 313 606 754 263 201 338 819 57 847 359 713
777 251 519 622 639 452 618 316 68 319 417 156 583 519 712 81 447 740 925 946 718 910 71 317 400 913 570 56 378 361 205 92 536 62 997 887 869 76 52 264 994 339 867 153 896 450 171 744 488 256
371 316 922 413 994 866 180 201 222 726 882 561 937 707 113 325 620 520 521 825 211 371 688 660 952 379 43 918 421 949 741 826 567 122 990 889 170 123 67 131 707 668 853 325 381 432 401 159 39 571
830 651 222 663 45 999 627 261 460 615 823 261 779 272 985 56 993 815 717 224 155 496 452 390 118 542 518 363 279 519 977 883 878 850 119 90 603 904 77 990 261 908 662 452 308 445 889 580 340 325
439 586 442 815 415 333 198 832 545 502 481 264 981 941 637 939 383 928 153 894 452 89 738 727 962 246 834 999 81 673 653 937 22 953 80 391 441 63 434 786 891 770 359 574 508 996 926 721 815 368
62 960 427 445 872 349 847 715 852 169 498 198 750 872 848 544 241 28 860 245 498 319 494 366 2 681 729 163 218 966 319 113 184 713 610 693 509 577 81 730 543 726 211 264 287 692 20 487 725 964
754 898 860 569 870 743 465 60 442 190 619 684 497 885 850 385 14 37 261 155 34 664 946 129 701 772 107 229 79 309 661 242 437 253 211 420 252 614 842 867 227 449 134 890 110 859 228 325 414 902
678 982 225 569 930 90 952 731 867 98 635 236 981 132 528 377 246 243 674 430 133 399 194 393 928 584 529 55 19 842 543 781 815 176 631 679 17 868 322 120 468 521 747 744 232 990 468 1 362 733
612 985 651 984 768 279 787 831 640 345 560 896 712 25 555 854 421 804 501 849 359 378 920 553 961 612 652 450 161 938 116 527 693 285 229 558 130 830 407 352 891 185 227 976 560 571 808 722 188 377
569 663 500 512 373 234 64 97 22 156 626 336 670 702 229 32 203 426 795 997 724 590 396 149 957 174 150 943 993 390 803 930 261 783 369 452 27 180 911 994 493 32 808 251 725 554 515 524 747 528
368 382 926 191 653 978 267 351 554 199 83 120 104 632 353 696 74 886 333 776 4 22 515 800 503 691 782 145 424 403 659 626 196 464 21 421 3 70 130 391 185 676 625 712 910 373 928 175 897 28
479 628 191 971 523 345 866 125 688 962 195 121 927 151 539 457 923 639 610 932 692 4 756 942 590 328 396 803 889 129 763 606 247 395 923 30 435 225 941 675 554 877 381 167 195 63 749 474 172 453
449 288 565 964 335 475 872 248 380 194 949 63 236 558 199 588 874 531 228 508 22 698 698 934 378 815 623 588 746 527 579 922 630 436 680 474 41 283 59 448 158 186 845 746 726 490 641 822 968 607
189 217 245 663 431 751 590 631 586 520 851 283 502 853 615 26 433 800 878 724 547 591 471 780 350 835 853 951 207 888 173 800 619 139 337 361 677 967 4 928 884 409 696 539 596 874 684 991 131 700
56 841 944 244 59 598 745 465 313 595 897 639 423 697 347 51 663 363 515 253 349 466 795 949 839 137 894 932 184 475 151 861 819 507 831 332 856 375 79 739 615 212 653 408 31 245 986 998 192 544
211 320 476 877 350 590 45 994 404 922 704 813 281 838 444 36 819 915 866 14 195 288 283 776 638 137 812 386 918 594 151 895 740 639 264 830 384 942 156 240 286 862 970 156 35 802 930 815 964 994
426 70 132 177 349 922 36 700 239 213 778 659 75 810 770 808 72 641 573 613 651 877 758 625 728 333 317 127 741 835 206 996 421 924 167 81 762 563 289 341 793 684 702 943 462 626 786 159 386 226
729 289 241 350 343 549 311 506 448 16 605 909 959 403 7 781 237 151 643 689 45 508 351 232 820 966 174 815 163 101 546 157 740 514 106 917 754 71 580 618 769 255 115 273 736 883 725 299 936 680
389 635 516 696 180 221 937 9 530 376 374 496 343 346 470 447 169 444 297 89 27 166 570 24 920 789 393 78 496 936 241 874 878 482 712 910 640 44 333 884 980 745 540 204 243 273 912 768 803 288
714 280 2 846 653 223 65 492 775 390 827 858 513 593 135 500 617 860 634 559 806 124 110 412 109 281 625 365 780 647 877 625 275 207 222 960 872 32 829 489 845 148 268 943 57 121 232 947 69 743
655 51 134 243 482 590 169 589 736 371 598 699 711 128 512 202 583 305 371 174 627 585 31 145 714 657 855 167 354 988 49 677 296 37 991 826 491 31 724 632 791 282 295 457 891 145 437 139 430 855
537 926 576 894 115 70 19 988 529 824 734 2 234 748 322 920 403 673 137 686 710 552 581 739 383 345 290 574 253 568 220 716 737 499 450 122 101 402 922 920 806 502 501 899 897 789 47 546 134 970
742 763 1 743 144 985 345 837 511 770 780 445 734 960 604 17 264 735 297 199 818 1 751 217 879 208 51 681 841 594 297 743 439 283 826 457 714 993 354 465 777 264 890 152 140 361 767 540 295 880
524 312 248 935 152 741 11 784 864 936 934 664 995 916 472 36 5 451 134 146 303 271 380 832 422 553 110 599 77 518 440 510 385 961 69 985 494 504 130 85 445 930 129 418 531 112 268 973 679 103
356 315 406 149 576 253 931 416 512 598 631 412 707 345 496 423 279 34 846 487 541 500 321 49 700 373 141 962 300 309 284 136 919 973 162 124 103 236 384 816 53 78 991 531 454 33 222 783 921 107
833 234 126 192 562 855 994 357 448 202 111 969 116 203 313 494 492 734 183 371 319 43 650 30 434 463 509 789 595 667 150 358 40 192 475 50 9 727 411 307 130 746 787 181 705 83 962 788 217 959
540 488 600 550 788 790 583 96 758 98 345 204 762 780 52 753 928 923 727 262 484 765 322 876 240 573 255 468 324 350 500 720 571 635 126 662 758 490 404 685 467 913 969 312 961 925 984 7 129 952
154 39 61 955 474 775 165 723 309 214 535 115 772 407 598 625 632 126 653 389 995 438 518 41 795 571 795 10 915 315 588 247 339 372 195 461 658 616 161 351 496 34 180 189 149 351 140 561 714 335
292 857 353 739 957 716 520 19 159 902 979 155 808 994 626 287 776 399 212 136 966 16 965 302 893 960 258 328 892 444 430 234 296 579 22 730 894 599 415 479 940 639 457 258 371 341 226 186 563 862
575 741 349 577 369 276 892 50 846 996 458 192 127 714 471 745 858 228 972 895 393 177 984 732 195 327 558 706 930 551 734 71 764 29 868 689 884 718 210 745 838 843 752 418 21 748 511 742 786 626
482 997 214 668 468 398 756 616 382 42 717 185 120 294 262 386 427 97 846 781 860 140 18 226 56 549 424 565 711 446 815 816 920 304 69 736 857 96 560 470 932 267 336 168 28 653 723 457 156 635
321 414 896 4 766 342 979 987 611 919 973 191 905 935 227 901 265 816 225 526 528 330 536 376 849 592 804 850 198 403 826 966 409 76 125 400 919 915 537 726 756 870 485 641 496 741 362 400 941 126
388 906 231 630 106 991 877 520 155 173 538 129 789 207 92 7 782 829 810 826 981 349 278 498 769 657 845 895 879 107 230 403 908 72 15 919 735 778 969 134 523 399 759 364 188 627 80 277 549 489
959 533 589 114 144 38 628 732 861 448 145 982 640 48 943 134 220 717 192 172 272 3 859 676 303 582 590 913 310 142 576 567 345 390 148 696 813 794 927 977 291 2 917 520 988 540 758 711 421 54
406 363 84 376 217 955 673 913 811 561 447 714 422 719 871 578 636 250 899 246 320 426 789 215 881 269 85 338 688 762 823 878 492 255 735 213 482 969 173 192 22 900 982 365 529 576 579 198 648 409
904 508 811 175 734 979 574 869 494 947 869 335 225 49 738 569 222 167 983 658 95 666 77 707 223 419 444 424 686 305 690 887 689 278 857 315 67 317 520 755 639 613 474 225 322 687 674 932 627 959
354 411 214 990 314 237 431 103 951 314 535 150 183 189 256 982 645 947 191 423 501 904 646 227 19 482 191 851 385 535 744 511 796 726 950 279 672 699 963 620 883 963 365 206 220 489 429 285 969 340
42 727 740 204 458 449 764 987 971 832 45 580 718 416 569 23 353 457 239 977 309 946 983 571 539 538 539 440 7 530 52 906 882 45 493 17 771 592 268 501 514 685 728 131 574 303 244 949 636 196
135 972 46 991 30 96 744 169 664 919 910 324 979 440 780 139 697 673 922 552 252 760 188 737 463 624 217 852 996 236 293 589 804 810 394 79 860 890 15 397 273 601 928 348 590 190 705 287 351 435
605 571 26 83 944 375 783 308 527 405 878 892 173 428 625 320 520 169 46 700 278 807 658 525 279 650 832 840 147 273 918 930 500 560 630 722 562 720 866 18 295 552 362 609 518 380 428 500 722 270
669 536 240 650 157 798 913 501 804 293 542 943 161 254 486 948 391 612 797 903 757 799 303 27 404 726 444 49 6 898 222 332 117 877 603 382 689 849 403 832 809 61 915 572 476 352 390 108 122 570
989 815 702 818 512 870 232 212 246 430 353 864 495 905 70 210 825 283 651 104 259 541 209 965 94 696 883 730 551 52 335 336 926 435 908 406 629 299 364 733 149 476 603 972 478 944 565 9 501 266
526 107 457 18 311 448 606 737 724 816 986 502 661 193 95 17 937 59 997 663 580 526 919 917 954 782 937 236 486 149 130 874 228 285 525 228 879 908 124 460 800 892 574 548 746 647 815 409 877 460
7 506 12 837 685 0 187 539 63 528 510 370 251 574 686 112 273 375 668 866 138 28 934 536 863 688 951 371 170 306 967 528 358 25 141 623 861 391 599 524 40 339 845 596 950 430 641 0 862 634
374 439 741 11 321 979 571 476 974 997 49 816 368 756 561 982 11 225 432 62 250 882 775 143 825 798 183 338 586 433 46 950 508 536 932 527 786 346 703 162 51 385 416 602 475 224 971 88 34 967
418 416 568 800 384 492 664 597 185 523 796 233 890 540 950 98 307 832 823 34 195 664 521 269 10 865 465 173 668 601 827 94 304 618 15 630 382 708 152 440 862 189 161 180 366 818 495 876 651 377