100
932 190 604 551 316 338 150 41 560 341 141 914 77 737 692 463 94 722 550 307 776 872 756 613 917 193 496 328 514 508 52 740 153 98 765 788 988 476 824 981 855 697 781 401 498 34 408 438 668 437 130 737 403 936 488 60 433 991 634 122 841 822 526 52 288 400 760 978 972 904 475 617 898 569 452 78 90 355 115 882 784 57 659 77 377 315 336 217 610 705 355 996 842 701 139 33 171 729 112 97
273 429 466 764 961 512 839 833 484 410 969 77 876 751 337 783 162 448 674 973 64 543 368 266 548 478 774 196 429 419 906 361 243 17 608 355 591 895 115 865 475 502 732 200 735 277 120 91 363 355 870 722 55 138 33 730 61 199 215 482 737 642 404 64 503 608 834 858 142 982 192 267 333 809 498 561 810 168 530 271 358 683 833 74 548 184 306 104 984 878 293 391 679 632 127 833 98 667 696 127
443 262 949 381 163 603 389 246 640 471 920 892 668 944 124 54 809 329 516 318 302 729 874 264 688 800 587 700 681 664 462 142 471 403 827 95 734 452 910 944 795 59 464 512 957 401 722 734 508 72 24 768 151 377 825 713 387 685 692 362 15 688 564 975 9 777 421 265 116 29 320 357 418 571 523 242 265 362 306 287 78 853 192 609 640 693 990 93 578 114 707 48 759 548 929 106 495 488 502 179
979 457 617 479 751 666 349 580 854 582 448 25 378 405 284 162 496 955 335 315 787 327 687 2 321 271 597 870 642 417 746 776 859 126 307 620 235 713 857 973 344 410 239 995 666 681 670 354 263 766 609 540 153 187 392 652 769 615 157 480 69 479 937 436 835 671 166 252 97 663 926 783 97 361 971 376 87 692 336 639 601 243 606 875 807 206 622 671 733 655 851 620 555 377 904 865 473 802 159 994
515 417 256 600 840 826 443 792 216 16 564 77 278 518 878 826 872 62 629 629 48 495 518 442 812 306 228 720 456 106 903 285 532 341 124 183 986 6 35 981 763 830 455 717 90 773 341 36 498 78 992 410 173 529 945 19 899 814 787 533 598 722 335 109 113 279 544 937 394 695 840 865 27 647 866 218 40 801 352 38 964 191 221 378 113 492 111 2 396 104 284 171 218 501 383 40 495 345 603 810
229 404 641 803 238 127 383 525 663 727 979 97 462 749 569 406 501 956 996 620 167 542 541 290 410 668 646 526 264 825 722 694 197 541 809 560 549 418 140 985 109 586 338 668 124 186 709 469 932 976 539 538 348 982 643 686 863 351 392 570 481 857 260 837 4 284 899 920 940 8 856 83 815 10 511 580 203 872 165 224 958 177 594 288 286 184 345 214 897 122 697 198 25 570 504 252 326 501 663 839
287 788 528 923 119 456 722 338 471 62 483 990 185 168 611 304 262 971 551 820 938 684 23 818 310 658 57 245 506 259 254 702 208 325 937 169 648 670 169 830 461 7 743 835 638 706 13 856 958 200 989 354 949 843 901 602 765 709 612 461 398 477 831 212 807 781 781 859 231 442 655 592 802 720 359 930 941 187 180 604 645 200 286 306 269 900 752 365 424 334 403 938 57 708 432 983 176 531 27 856
925 153 625 516 544 397 551 229 483 970 661 577 529 8 815 197 191 525 942 906 29 416 434 896 38 716 534 94 288 375 754 409 160 323 679 491 575 769 761 872 349 523 881 454 673 826 409 49 892 234 792 651 589 120 827 508 718 728 478 828 863 456 940 108 215 251 417 206 329 324 622 421 763 69 557 506 534 980 223 212 307 484 202 53 582 103 820 39 496 170 773 846 291 933 9 893 582 773 238 422
408 203 719 568 612 370 888 519 563 321 974 738 505 266 520 378 254 886 525 112 430 378 710 159 551 775 130 829 60 663 923 760 741 801 803 103 765 634 441 212 214 301 475 174 195 34 340 24 413 631 639 695 247 126 991 30 493 560 17 836 239 59 458 899 397 214 996 704 462 417 612 619 445 313 897 129 902 535 964 516 434 106 416 429 24 228 512 615 809 772 610 205 617 604 972 155 843 575 777 981
37 636 562 995 18 19 250 934 228 862 128 958 596 500 402 133 642 28 875 169 701 381 894 690 806 407 2 841 340 742 285 327 757 982 478 798 544 420 411 5 977 578 386 947 644 652 609 116 202 839 512 814 700 608 280 656 741 871 189 610 16 409 593 485 576 801 200 613 22 603 589 222 616 869 191 122 994 947 45 154 798 886 638 501 229 471 626 148 702 822 57 672 231 801 989 568 984 901 370 843
451 995 94 598 249 289 197 831 416 157 661 794 825 34 811 130 770 91 255 105 174 51 910 200 546 917 991 815 880 622 137 93 576 202 703 802 792 39 252 940 273 795 732 544 160 263 846 196 990 858 798 892 645 265 668 399 85 893 52 332 298 382 950 793 20 568 217 623 331 8 338 730 839 315 832 378 319 365 40 283 70 794 825 21 824 244 448 311 533 304 717 898 987 920 641 891 844 938 524 592
45 222 865 981 520 67 53 329 433 290 79 720 853 769 261 504 556 929 969 775 119 906 89 27 291 439 743 919 674 941 533 381 840 448 237 847 928 843 500 757 191 118 878 243 224 996 45 218 658 137 334 915 968 749 472 139 133 838 690 80 324 133 654 492 756 697 879 405 531 413 575 713 428 212 583 1 28 846 802 294 394 525 260 537 606 618 412 90 975 98 714 90 153 419 432 58 464 385 486 526
117 639 686 245 561 621 486 756 165 471 111 286 36 395 686 799 872 117 885 138 284 788 429 432 698 485 559 8 779 525 536 642 359 275 177 754 838 15 975 985 131 656 925 504 987 427 53 757 733 633 185 346 500 348 242 328 210 254 547 76 61 477 977 639 934 468 927 760 218 931 960 857 142 899 6 628 863 924 445 270 431 802 275 145 340 190 141 10 33 848 544 584 468 898 923 654 678 285 570 518
500 293 538 802 673 327 203 600 342 613 464 285 808 276 644 259 202 831 299 743 326 916 727 370 386 376 389 243 975 351 949 578 353 926 769 138 263 472 472 12 986 541 668 419 383 259 775 191 253 664 451 846 985 827 191 584 566 168 415 297 938 960 624 990 663 886 931 881 506 506 996 729 359 286 756 785 248 307 986 127 600 197 989 311 900 102 592 526 734 185 572 95 57 175 73 26 917 677 756 497
327 893 685 747 668 722 487 698 70 406 335 258 181 288 696 741 970 312 90 560 294 405 147 320 934 900 672 184 213 730 868 571 551 489 800 706 512 242 643 178 615 893 455 328 850 313 913 769 478 332 55 604 587 195 202 921 746 364 813 767 49 302 485 340 538 764 707 692 487 990 228 728 669 912 944 400 950 819 470 620 987 902 706 880 674 264 984 355 286 878 959 147 428 875 128 313 407 114 789 86
605 221 281 488 103 327 934 675 250 802 971 927 894 192 780 147 596 605 666 274 780 352 405 609 30 81 299 794 783 631 992 835 29 383 15 765 621 218 776 346 329 309 104 484 907 31 252 235 95 981 717 802 448 515 305 253 815 672 457 22 27 139 891 619 809 135 898 510 177 14 525 378 828 319 944 471 247 921 701 998 828 64 698 802 913 189 387 514 78 761 949 949 760 753 319 190 417 485 674 771
133 741 57 81 455 339 973 129 570 834 5 894 970 459 193 963 440 89 705 619 748 383 432 416 64 576 617 75 999 754 53 761 246 929 864 86 6 617 346 574 216 257 943 243 755 55 978 301 559 356 749 328 779 54 23 750 309 641 16 879 721 898 129 816 781 243 648 41 594 107 957 823 742 130 403 490 439 189 660 9 598 316 515 643 5 724 981 192 906 114 777 364 600 467 853 317 128 127 462 511
407 936 706 452 398 925 586 648 650 532 310 119 981 7 281 404 383 485 810 56 262 455 134 480 329 593 222 275 277 86 362 311 726 148 602 661 609 62 245 79 138 332 541 374 803 657 382 593 185 448 933 643 316 406 249 951 802 226 122 805 703 310 371 564 169 999 392 833 405 619 795 321 240 731 917 929 914 760 677 672 210 629 89 829 152 719 994 320 898 650 858 383 939 439 375 828 961 977 204 804
264 549 187 565 652 612 402 585 489 320 37 42 549 450 594 74 220 541 411 450 4 72 934 754 761 411 381 800 355 88 967 936 555 873 407 661 441 523 176 539 316 409 831 577 613 816 834 489 844 301 607 420 565 753 799 192 614 432 804 241 231 602 229 400 353 100 486 676 43 933 632 697 364 872 134 594 240 356 141 944 577 892 955 54 481 546 370 802 73 214 46 9 719 935 308 714 180 431 224 512
330 157 445 911 669 910 56 693 619 205 951 258 290 860 663 339 646 175 918 807 730 684 603 828 886 622 978 428 563 419 413 809 132 628 614 419 446 44 384 571 489 676 182 867 263 788 718 858 272 968 68 5 512 417 782 645 554 617 24 46 932 628 129 199 791 141 125 662 246 243 892 601 790 347 317 53 501 735 564 98 903 119 156 594 351 408 296 715 845 968 864 828 20 338 638 861 547 982 76 121
662 56 612 28 75 466 214 165 99 729 144 819 52 926 142 813 471 534 848 382 845 410 816 277 379 64 581 451 708 455 505 519 659 443 435 847 506 127 519 884 193 131 615 116 824 45 776 94 195 825 389 12 134 693 276 252 240 334 649 11 885 763 457 644 223 625 160 609 490 295 306 344 15 963 188 713 795 700 453 333 288 487 255 882 65 493 384 965 166 183 607 171 478 507 999 430 674 970 892 198
884 166 603 900 519 45 996 171 504 562 456 540 880 315 723 397 507 574 578 729 240 194 443 307 688 135 865 508 963 758 39 824 807 255 448 121 884 355 363 20 497 213 461 603 726 66 290 162 783 602 923 99 391 162 958 690 723 296 212 383 179 487 208 746 523 631 732 625 866 601 513 152 211 558 232 27 732 839 580 621 844 703 724 360 834 940 432 645 296 758 398 587 142 979 840 9 5 715 80 95
333 664 296 181 88 771 888 833 930 930 957 883 716 591 539 476 762 847 911 582 198 87 329 108 203 925 9 231 718 222 22 17 758 485 287 179 406 542 271 63 51 599 715 365 800 514 871 551 440 363 246 157 804 497 896 246 335 187 978 163 761 656 114 707 908 940 125 231 303 359 69 220 575 847 530 598 372 963 308 688 54 458 791 354 975 864 213 260 588 41 844 219 564 108 302 394 485 7 456 860
389 639 247 80 293 26 582 956 966 297 873 371 879 289 108 302 865 759 731 44 726 864 642 262 515 850 655 466 544 136 113 364 506 447 298 414 210 710 61 949 281 256 293 291 167 472 339 274 0 999 528 725 276 412 133 525 997 984 565 443 371 116 412 830 183 508 865 431 991 693 91 155 698 782 762 469 570 350 95 43 511 381 465 544 607 387 88 94 314 773 417 226 144 617 578 165 844 462 107 658
606 907 283 307 907 373 27 493 649 663 954 647 889 522 932 989 650 867 223 796 420 771 117 217 276 865 11 80 204 597 625 108 242 436 436 603 97 158 637 233 360 594 444 650 819 770 336 622 685 588 514 977 239 311 238 835 789 66 31 42 361 946 289 51 38 846 404 452 85 328 891 492 230 989 435 825 326 467 397 505 529 388 394 616 83 647 869 930 198 600 813 31 126 594 872 413 305 392 612 973
365 884 536 356 696 21 747 249 875 412 509 322 668 525 513 972 551 673 968 390 977 473 253 484 515 860 365 635 117 22 519 933 854 424 140 644 852 38 920 61 900 619 54 785 91 490 363 601 81 899 861 632 424 221 996 892 630 51 841 836 656 111 131 853 893 575 467 243 385 868 120 513 753 906 489 357 418 468 393 24 496 764 553 218 160 887 509 632 428 247 14 800 196 83 405 788 488 201 892 516
23 119 216 213 778 348 879 517 732 638 473 162 658 817 339 891 558 912 692 5 65 834 815 137 853 319 316 669 501 701 869 217 575 876 1 376 547 340 440 812 8 992 900 789 774 852 142 379 744 513 230 575 508 887 451 188 304 78 359 458 31 210 16 31 769 255 586 781 816 962 344 217 472 880 997 72 934 25 362 0 177 937 924 987 470 293 709 687 425 812 72 468 980 981 781 798 976 869 20 518
265 361 563 781 169 12 102 628 890 378 254 278 716 358 281 93 285 28 560 476 546 899 356 3 889 875 237 491 98 199 96 64 5 843 735 816 374 142 817 458 190 81 797 46 558 794 752 621 699 687 512 947 309 543 972 366 4 559 892 294 775 611 529 691 282 189 272 872 623 465 719 142 211 101 285 465 101 309 445 94 122 615 792 410 686 148 754 462 871 368 811 814 250 523 682 579 551 106 764 368
522 880 998 233 968 369 736 207 258 507 265 695 114 797 171 160 819 118 4 133 434 810 0 255 654 904 892 688 418 706 913 994 545 76 572 242 616 558 441 316 412 547 203 364 103 115 700 453 351 522 760 432 101 630 933 712 879 743 579 64 477 48 788 552 593 270 150 38 224 929 543 261 676 688 721 887 606 636 151 538 203 439 337 896 945 480 892 914 142 860 362 873 978 377 839 364 758 651 771 832
965 662 228 421 978 499 756 413 909 46 106 243 591 41 860 38 710 892 606 112 377 235 895 364 566 670 282 299 848 357 129 954 865 319 572 541 210 915 917 446 724 479 5 95 753 119 282 937 516 801 653 865 45 658 454 730 766 863 855 308 216 456 564 551 917 151 378 271 468 318 827 795 974 159 388 898 229 800 610 446 388 345 783 47 703 263 908 206 864 842 775 347 60 609 230 268 914 453 178 602
741 10 469 197 974 857 891 886 270 556 500 965 252 408 920 871 673 517 848 653 242 171 407 625 543 479 735 365 929 119 983 775 621 8 704 377 875 585 73 845 372 22 935 308 342 809 94 651 688 358 594 396 605 525 359 570 602 843 654 494 122 525 956 150 572 724 344 244 703 542 995 87 444 2 281 219 235 99 283 733 385 83 676 570 524 587 170 95 649 134 775 32 931 578 723 846 66 785 735 617
465 850 948 146 362 507 952 603 244 139 334 503 560 921 109 39 848 385 625 985 554 248 595 568 767 963 155 865 279 434 153 450 363 665 268 534 134 530 208 17 634 567 851 509 800 271 471 10 469 683 998 680 159 750 63 216 255 379 379 399 351 87 323 809 986 884 140 895 652 574 904 318 177 608 350 986 397 85 768 496 492 145 395 595 436 473 290 613 601 51 279 755 151 808 665 547 243 42 523 915
131 576 357 894 779 679 503 551 399 77 819 169 610 882 907 205 691 728 373 513 593 527 293 601 295 149 166 368 942 803 743 354 562 853 365 915 788 500 816 756 970 739 213 524 232 109 144 268 901 460 855 514 668 10 322 603 282 756 599 629 513 134 608 595 333 464 607 757 517 991 417 190 912 616 543 853 313 769 368 186 5 897 466 482 948 228 685 551 530 761 633 32 901 186 242 835 130 618 190 768
501 386 750 910 42 664 602 52 467 468 290 513 388 412 624 615 667 126 647 104 778 56 227 756 358 385 289 725 373 707 723 694 578 599 685 619 147 556 439 283 626 633 84 62 470 119 644 488 562 627 167 4 971 85 990 445 159 993 552 657 375 876 678 759 745 596 935 788 727 4 468 111 686 363 478 144 971 164 286 238 740 800 163 746 539 718 723 492 608 239 460 153 3 782 908 750 955 324 317 873
183 855 761 557 159 56 318 607 607 846 473 994 706 313 916 575 712 932 220 26 872 443 180 487 544 314 107 904 455 727 189 647 847 412 54 885 38 605 586 483 400 115 884 762 766 465 446 689 865 333 37 23 104 290 1 740 674 274 13 844 948 413 152 880 657 826 147 294 258 31 536 107 345 737 626 756 558 418 721 79 867 418 39 121 689 165 543 556 411 314 210 764 592 741 534 986 963 4 104 939
317 152 431 834 796 930 678 366 663 244 181 256 552 933 977 530 374 30 190 491 283 590 882 944 820 771 514 603 202 640 793 554 313 781 761 714 986 204 325 759 487 176 893 166 132 954 211 658 764 4 611 932 814 613 656 726 270 486 13 25 415 75 164 22 450 627 943 771 171 262 543 169 705 431 4 107 697 715 812 866 559 856 838 198 29 861 740 700 125 35 444 500 191 299 343 412 12 870 716 504
11 440 486 501 460 441 226 383 609 548 28 554 673 147 465 559 236 965 992 589 887 243 645 136 817 42 978 405 87 591 95 827 999 307 854 119 369 336 737 588 634 357 90 576 6 890 826 43 834 783 175 46 877 126 617 767 794 350 684 417 462 820 295 17 453 201 554 365 292 345 190 899 228 404 954 530 152 69 129 927 216 935 570 303 415 48 949 872 690 87 324 18 652 319 126 813 61 72 122 805
335 460 750 488 593 276 817 473 172 86 615 724 220 756 201 527 249 991 601 405 251 682 675 205 20 171 247 909 278 140 468 79 946 324 592 755 184 82 710 139 231 476 699 603 471 599 798 896 117 598 563 70 471 717 553 653 785 545 468 421 28 908 194 32 618 535 778 895 164 446 343 167 280 462 174 774 982 71 733 420 373 351 791 679 576 398 608 229 771 938 969 638 614 288 110 322 282 667 985 936
821 902 731 670 255 396 789 8 543 779 670 714 811 47 48 677 117 514 455 220 927 548 124 225 477 704 553 992 351 851 492 314 86 797 599 471 619 120 424 180 608 599 685 991 268 255 826 566 240 433 205 767 212 764 8 272 777 506 193 550 842 797 657 691 286 356 628 14 448 576 58 996 90 274 611 327 863 132 957 222 877 987 751 917 646 725 101 321 788 326 694 113 927 873 338 811 942 993 705 912
626 812 118 664 375 209 676 937 152 681 409 644 549 971 673 855 45 739 45 561 254 306 225 121 882 945 68 217 936 800 385 869 427 44 595 64 868 87 542 437 48 164 168 107 916 49 563 955 200 483 765 202 948 144 657 320 587 996 781 430 140 459 1 352 295 539 216 504 376 608 986 958 196 608 512 89 138 117 204 832 381 113 16 452 35 182 921 283 387 275 476 871 305 112 297 589 162 815 811 377
833 59 579 591 496 806 5 339 631 567 181 470 791 948 49 27 442 548 317 112 618 933 117 101 131 115 652 84 311 923 927 322 305 827 999 321 533 424 956 228 177 581 651 819 93 6 79 356 63 270 146 614 498 698 759 899 942 478 460 381 154 921 28 708 640 858 164 964 949 727 493 18 592 88 935 36 282 298 7 125 35 295 20 41 776 312 824 606 68 99 378 55 964 574 74 256 553 942 178 234
841 115 407 335 776 128 21 409 763 722 617 644 471 335 345 858 900 987 932 327 34 558 895 849 348 438 53 17 14 679 482 339 119 772 283 920 888 685 264 647 291 414 843 345 482 734 584 628 228 215 356 565 10 850 200 283 220 557 987 338 74 3 395 83 239 277 524 698 52 425 970 214 723 284 36 620 715 549 367 613 854 425 788 798 323 917 329 269 572 0 700 330 697 926 573 287 19 759 106 204
210 885 576 803 245 141 842 725 813 579 567 670 190 373 483 649 214 596 760 322 948 255 126 51 724 639 517 796 711 749 601 956 443 163 403 968 848 985 553 182 74 603 455 992 432 29 140 324 442 923 72 423 998 783 255 955 759 525 78 606 624 45 14 64 978 611 227 26 969 515 801 229 42 578 247 344 799 133 619 695 498 192 354 787 676 177 957 659 907 448 209 323 906 946 558 29 589 390 14 820
802 113 355 927 122 842 380 420 535 910 155 626 905 383 107 431 691 226 387 800 654 567 119 521 305 478 323 95 20 218 755 408 118 798 893 385 837 426 665 833 797 536 123 996 292 582 417 522 839 126 338 363 3 213 166 234 994 833 621 643 519 284 400 317 155 747 507 107 490 722 594 264 560 554 2 117 444 122 228 723 60 800 256 893 880 392 405 905 632 659 390 3 805 21 314 513 136 806 841 545
75 309 32 117 532 73 802 449 210 48 790 871 605 898 583 718 27 506 437 762 341 602 475 831 331 590 458 538 239 489 981 637 281 683 647 751 768 139 361 806 590 956 694 583 869 518 398 906 438 595 485 629 368 79 203 472 833 200 785 941 614 264 209 721 66 152 590 921 250 831 950 888 144 631 172 385 908 892 962 813 192 552 99 644 3 351 269 201 480 174 917 567 353 420 191 325 747 972 516 716
927 477 655 606 645 596 485 737 906 817 564 941 238 971 749 62 164 564 717 715 883 388 441 76 914 382 534 724 440 846 638 935 375 245 885 715 896 492 998 407 866 531 295 662 610 975 328 382 671 128 161 182 255 801 833 538 35 579 692 262 61 760 297 59 179 629 566 993 86 33 166 671 566 310 848 351 93 778 466 939 53 152 52 311 685 456 680 573 411 346 679 316 800 736 345 105 233 235 483 980
408 335 295 637 962 489 616 944 952 481 445 257 113 753 208 909 708 986 374 722 948 992 581 739 354 849 871 829 965 743 117 857 294 485 530 718 857 415 349 195 840 735 621 929 901 421 203 47 527 435 397 247 860 760 32 416 753 555 282 113 618 786 979 209 364 587 963 628 223 490 52 292 636 179 882 212 371 651 838 933 645 823 302 529 345 869 996 533 452 113 964 301 132 235 576 53 756 411 565 313
458 575 824 37 383 104 610 681 878 819 44 102 717 349 467 794 484 450 863 494 590 429 175 109 525 750 160 401 602 828 456 959 86 525 474 70 999 265 145 241 259 314 655 633 69 862 584 782 768 782 569 305 547 71 722 29 399 715 511 632 943 209 79 49 363 84 16 191 875 396 795 219 305 622 235 275 774 541 40 663 166 378 632 819 259 151 412 14 802 445 670 284 753 512 297 49 235 605 270 984
846 392 906 371 986 350 999 925 836 446 254 857 675 847 466 565 577 259 789 211 672 1 389 429 725 511 465 793 325 185 40 168 271 55 817 774 471 260 833 909 151 486 177 355 190 813 609 906 46 731 472 975 815 58 311 844 2 476 646 475 884 206 599 650 406 86 586 619 30 691 94 316 426 880 60 185 823 33 239 912 901 559 747 593 713 65 352 213 744 972 771 994 614 357 25 944 887 527 949 104
226 989 875 354 637 155 548 935 997 125 21 969 237 733 573 325 459 5 937 340 733 372 875 58 920 99 702 69 855 116 298 296 84 134 685 912 683 393 956 558 516 417 215 618 951 802 756 880 783 699 485 881 589 608 371 854 114 817 433 537 453 478 80 881 826 724 885 103 48 661 641 66 49 379 823 316 157 256 107 117 343 821 286 155 631 417 706 475 763 831 797 866 959 418 104 38 336 333 791 226
917 653 832 121 58 418 831 210 785 54 696 857 710 315 194 631 192 924 250 409 17 409 340 216 863 774 107 630 274 785 979 823 465 880 200 690 989 164 96 212 585 495 690 708 134 940 156 643 224 473 845 411 83 382 209 507 312 615 258 284 311 200 936 999 75 873 392 829 115 504 641 28 828 38 823 521 719 632 82 923 617 464 406 800 940 567 739 83 670 693 377 374 906 812 901 385 559 690 632 261
547 326 527 720 832 817 583 45 558 687 787 680 533 334 666 847 793 136 59 507 133 309 159 422 126 266 121 15 136 438 962 28 999 820 376 290 936 686 968 122 984 694 524 983 905 696 841 572 145 53 591 423 631 125 127 237 167 105 593 565 695 567 908 120 725 758 681 712 958 376 911 107 167 936 522 438 784 175 516 429 425 549 870 82 846 539 397 873 692 138 122 830 92 403 426 416 786 404 257 146
15 129 613 768 142 483 255 695 602 689 452 992 588 163 139 146 697 825 273 186 361 808 19 819 253 80 14 763 509 106 652 380 917 370 414 296 935 101 940 362 283 701 270 3 685 130 242 929 264 280 719 960 131 71 784 207 109 794 515 62 469 491 185 496 36 72 74 218 748 843 210 595 885 910 902 659 537 15 134 123 838 85 499 229 386 692 248 846 585 207 186 141 586 877 893 791 516 773 967 612
56 23 180 420 69 124 74 221 169 124 669 94 660 391 224 384 991 955 110 344 824 228 633 541 656 69 8 8 16 111 143 763 47 521 66 814 904 79 160 261 617 27 676 460 537 91 481 194 652 508 799 560 663 623 788 828 390 638 763 0 115 66 204 58 981 906 46 138 324 409 479 912 795 848 726 796 551 172 3 565 588 813 355 507 311 582 100 424 733 238 424 265 315 160 146 550 822 618 478 631
45 342 869 243 29 886 764 814 896 991 276 217 635 198 411 301 711 696 746 398 806 621 405 86 985 214 597 635 702 176 974 932 694 372 520 245 944 112 478 424 818 285 528 741 961 207 630 116 748 844 838 125 871 80 825 423 937 783 258 815 289 129 112 719 17 344 523 262 678 166 357 599 217 322 580 521 93 663 124 777 583 481 887 858 337 848 61 614 546 96 307 160 853 663 135 688 172 808 724 617
684 367 437 581 486 239 907 549 499 304 329 273 658 480 231 807 241 254 382 168 282 909 716 581 858 197 745 554 186 891 348 284 939 507 93 215 43 305 371 98 940 511 114 242 767 34 501 373 432 327 447 917 426 555 334 775 651 856 722 289 493 353 362 607 955 44 334 151 386 15 764 935 882 284 228 770 794 474 814 824 695 372 122 858 444 430 858 383 172 318 564 187 582 82 604 586 149 506 286 722
699 349 986 416 563 511 35 142 327 563 980 177 41 898 593 121 231 504 163 525 185 950 979 68 451 576 352 800 679 641 621 288 187 91 124 346 385 705 295 932 395 716 56 608 337 387 145 684 489 482 355 645 342 761 536 749 370 918 964 986 158 234 462 685 942 692 989 949 773 246 736 525 208 230 129 469 893 370 731 63 431 668 311 197 286 976 945 426 554 375 976 467 740 308 774 161 254 371 666 645
398 196 910 242 746 829 436 111 631 67 856 999 187 900 555 490 922 264 399 965 747 562 395 398 270 268 784 900 456 968 215 522 704 85 665 235 757 69 451 456 540 833 795 487 519 977 280 839 753 283 238 989 972 701 898 836 801 512 971 477 44 536 655 663 851 334 294 101 235 320 732 853 813 942 425 913 766 907 879 293 988 944 146 173 730 226 549 3 187 829 434 244 97 973 412 3 178 132 635 185
682 179 604 432 550 384 175 30 276 984 69 893 633 677 488 99 389 482 933 625 784 291 913 406 886 488 755 839 529 421 735 634 271 694 611 809 340 713 622 345 50 519 727 203 759 540 611 420 485 312 614 695 199 10 400 390 266 198 546 62 629 335 500 854 248 434 621 939 66 679 759 675 859 587 574 264 564 709 646 345 876 335 354 216 806 39 435 261 293 220 543 142 167 559 715 714 19 872 954 325
918 672 353 806 553 938 835 611 435 136 826 556 552 200 186 294 981 283 48 209 999 360 646 846 135 616 508 300 872 859 244 691 754 320 427 204 981 548 662 867 203 823 825 156 393 986 589 967 373 421 733 735 824 745 325 557 26 507 670 937 430 535 739 575 891 134 801 231 773 982 312 433 620 180 5 175 534 489 452 149 26 540 926 450 126 509 867 9 995 869 178 474 877 725 437 667 84 249 264 259
184 358 194 391 109 300 115 644 739 149 23 536 55 520 910 889 608 288 449 382 266 791 235 903 804 837 555 895 743 338 91 284 225 192 964 668 346 535 341 826 393 223 270 845 846 641 419 357 815 547 59 795 800 882 992 393 122 290 587 271 744 220 901 401 58 738 310 862 556 241 543 73 947 623 988 43 521 390 57 162 418 198 79 195 278 295 484 343 200 571 545 56 948 69 81 173 322 869 786 108
330 556 800 573 4 985 848 176 893 949 871 732 233 425 852 546 140 705 122 763 253 967 661 985 696 486 124 877 541 814 720 651 603 948 831 861 397 505 191 293 446 308 449 251 699 812 822 523 216 535 33 617 747 23 854 363 894 815 876 517 860 971 634 78 228 220 128 284 594 991 148 634 513 829 316 945 518 410 285 883 664 601 660 6 781 103 904 580 94 467 966 582 628 674 432 475 673 371 23 479
684 538 928 225 387 398 103 918 706 909 845 484 529 993 853 259 311 628 297 124 315 548 190 126 24 565 6 839 396 841 272 147 387 806 199 126 672 434 619 383 999 986 873 184 622 482 52 635 821 173 163 45 73 898 163 135 347 802 201 821 392 264 521 864 637 697 96 723 793 727 586 876 8 914 125 328 674 6 503 542 513 370 18 223 678 226 73 489 642 63 778 870 233 797 991 734 465 9 547 924
385 328 841 93 586 287 36 159 772 835 461 341 299 658 308 21 246 297 186 410 624 607 81 729 948 716 643 210 923 390 863 664 458 578 156 184 528 924 637 390 190 913 716 807 602 437 570 574 489 969 487 168 823 136 300 778 247 112 145 870 644 825 236 381 971 796 882 721 502 124 492 322 659 795 220 711 890 274 126 510 145 68 721 953 903 694 841 322 278 377 936 416 778 766 746 364 676 334 835 806
555 849 71 365 476 164 508 27 916 588 887 973 985 634 724 575 104 283 478 276 954 559 442 124 187 76 544 893 48 855 34 556 439 320 955 296 996 355 476 738 186 814 406 689 490 963 431 144 41 171 260 393 856 558 852 995 406 947 178 400 620 615 978 60 554 331 533 664 679 428 578 748 806 740 90 139 153 753 634 223 645 399 851 877 595 641 700 880 468 959 889 49 177 76 117 571 836 345 134 159
429 766 464 613 592 511 586 116 467 712 841 652 312 955 755 220 763 100 465 913 630 652 196 719 538 528 571 730 622 519 303 807 618 474 793 879 935 238 285 84 54 584 413 756 117 237 736 222 321 896 807 735 880 221 528 777 570 745 74 63 939 856 493 948 408 34 33 838 161 876 285 525 815 381 858 46 239 439 601 301 792 349 408 725 712 568 927 397 946 16 309 189 163 222 144 197 90 465 347 83
203 898 60 445 610 281 920 499 363 481 537 130 144 772 271 590 447 767 235 840 106 636 891 145 567 96 362 593 236 661 956 774 92 517 98 893 288 963 115 431 648 428 34 464 478 178 45 391 950 553 749 323 229 507 977 566 6 915 878 514 919 327 262 701 525 763 37 626 673 377 301 483 652 804 192 678 602 427 666 388 50 970 642 683 911 632 544 584 540 531 886 373 85 600 511 320 165 332 938 715
141 418 717 572 252 266 670 425 315 298 964 579 248 490 463 948 684 579 790 892 219 453 86 141 491 927 398 51 292 871 513 270 488 951 246 631 253 69 430 645 962 119 268 241 567 307 125 595 136 563 636 585 541 45 496 687 332 575 81 324 867 618 132 444 785 693 90 296 243 832 695 615 148 145 930 99 184 844 573 184 802 802 915 729 235 927 729 443 455 559 299 677 988 106 777 343 986 824 455 874
216 829 352 304 868 20 437 395 115 396 503 487 1 897 522 65 703 403 209 858 964 647 840 684 533 17 627 42 368 587 113 359 388 699 967 972 450 611 860 214 489 333 327 59 55 811 675 91 583 712 640 582 615 597 910 569 988 668 770 850 393 394 26 527 283 143 98 302 929 549 614 92 542 995 368 630 319 781 628 722 341 535 459 656 947 530 744 791 789 398 984 782 840 10 820 95 306 800 776 911
712 373 161 33 97 548 40 620 228 279 249 206 39 48 508 857 935 370 580 752 399 307 512 530 565 832 251 532 174 273 323 519 5 716 9 968 374 425 558 399 489 124 563 509 148 777 743 791 502 962 159 936 219 23 512 404 860 630 468 265 296 508 445 954 955 730 201 322 39 539 483 510 811 181 262 274 744 2 382 787 88 460 29 212 113 387 299 981 204 604 108 743 956 293 102 981 679 608 554 418
575 420 752 962 479 649 124 37 760 237 660 857 248 681 176 835 478 233 840 568 430 220 118 434 431 740 553 518 78 281 595 135 448 963 211 668 708 67 732 464 262 262 220 966 943 250 494 275 116 266 503 445 767 985 987 355 302 318 530 738 96 606 958 479 642 525 408 284 469 508 127 410 500 376 305 168 999 151 490 181 245 277 402 812 777 149 368 463 975 856 365 389 537 994 368 656 303 741 323 418
841 209 806 608 139 92 945 391 680 819 356 150 828 349 493 818 203 146 701 492 157 945 309 613 142 737 873 506 8 649 864 258 828 71 339 35 471 793 673 685 204 976 783 155 500 215 561 188 500 549 452 157 39 831 261 895 900 193 465 401 219 439 383 30 955 97 322 756 9 457 347 409 473 16 288 180 162 153 112 927 176 685 5 458 196 707 218 996 809 443 135 277 328 271 466 765 593 752 200 402
892 804 178 43 202 42 683 23 542 81 733 747 80 538 224 533 433 924 834 248 879 325 946 565 322 69 81 201 549 523 586 410 952 710 34 371 506 962 256 153 23 194 454 728 710 387 197 790 47 932 331 669 917 951 522 567 857 612 720 132 961 482 474 19 494 322 794 369 504 853 26 470 668 680 225 685 871 218 855 934 872 291 154 616 191 917 493 0 188 467 513 893 241 123 192 541 720 434 234 388
593 827 286 193 905 861 0 236 726 837 695 639 757 786 260 669 327 857 827 577 829 793 181 36 339 133 228 544 488 683 964 436 983 466 341 45 5 960 710 330 916 256 274 350 771 873 135 455 863 522 213 862 607 657 558 799 645 249 854 772 632 455 748 43 872 259 655 291 444 215 664 367 146 497 660 572 519 831 265 465 997 773 681 965 469 101 829 326 907 541 399 756 105 937 698 460 508 230 478 512
218 844 10 648 858 846 716 109 996 986 279 814 983 389 775 859 774 782 573 770 429 329 383 903 815 908 261 208 798 199 64 288 352 753 247 152 762 32 107 623 385 719 330 921 262 585 772 716 162 839 686 725 657 707 82 888 461 107 833 950 585 507 310 796 921 990 461 230 141 623 96 741 674 949 384 709 999 461 640 230 135 544 46 959 513 338 631 644 671 358 690 654 199 157 37 878 409 533 999 271
123 542 574 538 742 944 50 707 323 372 889 999 467 603 814 40 460 350 283 582 359 816 559 783 932 442 541 517 911 506 300 465 461 369 106 593 969 507 217 568 287 923 321 298 468 691 187 596 343 996 417 58 249 417 911 306 983 791 606 299 402 533 795 816 72 424 537 97 496 221 71 953 133 714 295 436 495 260 314 241 254 945 174 915 88 242 216 44 457 800 609 178 901 917 166 754 127 504 226 44
153 89 100 121 925 464 924 534 122 475 811 722 476 365 45 457 359 880 728 829 207 493 639 696 611 892 51 216 548 540 309 990 34 269 87 165 844 52 989 624 317 681 922 982 989 887 701 535 872 708 395 246 776 396 836 660 449 404 510 32 412 708 985 581 165 820 688 207 277 880 612 306 891 103 511 526 570 657 707 723 191 515 343 840 145 62 214 637 432 427 715 440 541 956 211 608 695 341 816 168
199 494 258 992 96 88 354 672 884 310 89 792 697 787 841 897 365 145 435 102 606 50 774 849 165 171 764 934 892 902 831 229 840 538 524 697 257 351 744 56 707 541 752 122 338 922 743 754 115 314 243 549 905 713 562 149 719 408 827 924 323 420 779 981 479 860 951 158 262 143 639 13 401 379 394 64 297 651 511 242 427 10 819 578 658 281 323 126 976 375 977 848 524 819 733 287 761 771 643 478
970 585 491 971 674 230 148 526 319 497 851 68 897 584 496 313 600 201 322 197 536 825 182 887 166 791 489 581 645 107 303 526 8 32 271 842 518 847 903 428 132 797 807 478 523 909 950 939 323 419 686 559 448 445 941 145 402 604 805 883 740 566 880 212 194 325 59 864 312 654 794 753 298 894 64 739 17 703 364 257 840 549 258 226 420 743 77 562 91 126 439 914 42 20 687 566 916 595 284 197
849 86 626 668 624 933 261 553 380 202 127 699 240 548 43 191 307 654 791 450 247 497 773 186 214 880 710 278 206 498 822 422 418 166 407 754 923 589 601 486 481 523 181 888 998 740 673 494 976 496 258 262 803 834 949 352 312 440 454 744 223 983 347 882 380 704 280 73 140 288 267 718 53 305 968 723 315 885 187 473 206 215 301 709 240 559 619 584 216 55 442 482 135 857 263 498 176 299 507 294
459 600 354 688 228 540 209 498 865 225 36 427 252 980 537 7 681 637 641 820 85 695 856 84 846 784 583 196 41 469 547 15 377 893 13 606 861 613 480 700 350 120 719 991 19 14 230 154 319 255 816 538 658 687 208 764 744 269 841 444 956 12 456 395 678 21 49 359 966 931 145 68 156 941 470 964 976 865 65 831 554 429 876 785 653 8 357 689 685 249 861 592 771 36 743 337 664 323 312 997
965 870 187 388 110 747 382 716 217 243 787 879 203 9 889 527 136 670 742 669 663 359 674 717 69 553 297 119 197 132 300 653 552 67 866 684 241 487 675 905 626 640 472 442 462 982 388 762 147 215 201 994 580 642 334 605 196 470 319 556 450 262 518 84 942 134 326 135 143 205 286 648 994 837 43 22 887 232 255 86 164 535 972 982 931 305 72 909 733 261 487 771 168 118 454 364 121 388 499 327
656 252 618 942 929 552 999 743 599 311 718 964 214 233 391 915 290 536 152 636 62 416 402 881 717 514 480 875 382 679 900 498 732 927 429 912 916 29 52 379 306 328 310 422 543 523 556 934 726 538 74 585 235 862 265 239 850 737 224 415 72 123 361 919 410 219 231 287 803 479 999 260 484 773 330 733 106 980 338 193 957 545 149 843 605 315 263 870 661 190 62 178 804 637 307 182 967 390 11 323
292 269 131 247 539 813 101 461 531 532 133 870 399 31 457 526 974 517 314 94 956 361 625 613 417 820 455 846 466 148 765 715 968 14 901 688 414 901 304 791 214 801 338 129 57 191 779 773 180 780 207 450 75 917 367 931 643 517 829 718 358 254 995 383 766 417 902 384 129 768 112 73 212 523 880 154 22 495 556 225 41 681 666 686 940 315 640 51 646 970 44 896 72 586 432 959 806 955 363 639
289 394 644 411 668 134 237 552 36 212 908 148 961 603 676 677 588 309 442 450 777 851 737 158 723 216 0 626 90 920 348 67 131 916 936 646 37 254 17 806 77 87 14 434 61 896 934 468 909 755 371 497 512 913 862 438 656 485 687 451 133 611 461 115 864 841 16 45 667 30 640 333 291 636 372 689 836 303 97 826 281 532 716 335 549 851 554 218 53 497 990 551 567 566 672 466 625 898 569 220
880 888 800 879 114 38 205 876 540 173 602 352 388 861 170 601 894 126 566 12 287 797 992 170 40 88 766 725 963 906 64 937 734 876 946 392 732 837 220 511 645 677 678 879 895 637 163 706 395 71 571 499 332 557 933 82 896 629 839 26 272 480 913 633 109 664 618 511 914 777 868 56 905 54 367 609 119 112 275 402 924 59 329 891 335 564 604 177 943 863 496 102 998 194 238 164 764 44 770 230
18 652 791 618 202 514 593 277 189 323 963 784 354 436 102 212 151 21 298 544 59 441 567 51 281 766 58 711 815 202 845 74 341 44 383 272 268 710 688 820 971 326 987 619 900 711 747 561 92 26 13 743 745 226 170 577 84 740 337 436 456 882 462 987 478 888 442 309 52 830 943 441 332 478 572 732 454 948 150 569 18 496 619 789 189 101 329 115 873 806 187 528 372 252 364 89 864 999 141 11
268 438 509 262 82 572 410 267 653 437 123 136 589 768 417 959 262 672 798 376 559 327 435 245 642 415 68 79 114 483 868 454 806 139 300 580 987 356 706 617 691 61 462 436 683 51 939 604 835 405 826 192 201 764 452 941 2 263 619 667 503 330 153 170 569 669 329 450 467 836 971 905 965 180 685 497 864 999 562 591 476 463 244 709 656 675 252 42 686 358 578 724 737 39 113 360 908 292 866 14
721 489 137 998 433 920 226 21 79 955 77 2 700 28 191 40 86 444 513 893 416 287 763 108 258 247 168 926 67 325 589 572 133 548 870 986 325 245 275 735 449 230 963 731 281 575 23 709 847 72 273 464 778 972 597 433 725 28 740 186 752 299 953 753 365 504 869 152 158 204 714 841 168 777 444 185 324 32 827 682 223 459 79 994 51 125 793 160 950 436 261 297 505 89 983 150 277 209 365 776
705 871 550 643 357 432 295 1 528 411 109 693 201 57 963 292 220 959 702 240 710 708 201 721 943 417 335 79 794 293 908 115 666 50 977 351 908 435 636 618 829 792 632 539 326 567 96 447 126 691 929 317 506 124 66 997 669 828 699 940 96 216 206 234 502 994 27 150 80 611 383 784 322 83 410 917 76 662 395 376 321 888 952 103 364 591 608 541 984 979 682 79 736 696 522 613 585 398 36 331
540 945 367 515 307 145 994 422 714 148 920 7 433 323 618 208 263 103 870 911 386 485 166 100 928 304 48 626 561 797 331 678 625 63 836 376 521 437 795 218 596 185 827 835 59 675 646 412 77 313 349 482 527 125 945 54 779 266 586 2 97 367 860 916 816 242 381 370 487 242 686 825 307 651 315 200 658 330 41 253 658 635 549 248 447 849 150 500 117 781 596 254 851 792 121 228 324 911 18 816
294 276 925 834 626 524 174 876 810 745 396 448 225 332 344 461 818 612 468 967 92 880 252 705 645 432 974 514 530 86 875 747 311 224 959 381 709 714 621 923 675 274 690 372 385 148 29 518 448 659 410 711 442 51 724 413 23 219 188 194 549 659 346 723 869 648 136 0 373 963 752 103 991 545 291 818 189 879 320 497 402 456 66 870 675 163 304 260 500 545 358 490 525 426 374 16 928 967 502 736
11 29 144 485 907 306 720 897 760 905 224 144 899 691 792 92 592 475 47 705 343 876 499 827 605 262 577 565 170 275 890 221 376 583 485 373 311 581 963 369 443 407 499 594 321 213 590 834 634 281 424 452 919 796 392 134 529 317 880 645 729 154 726 485 15 2 767 315 205 418 780 10 512 678 262 936 376 904 506 391 671 743 931 888 850 437 302 580 191 351 844 994 701 317 639 288 681 14 579 318
446 275 628 215 500 414 940 240 534 456 757 624 810 488 974 986 223 837 634 578 700 186 123 854 574 786 308 194 38 973 254 362 325 188 944 395 114 716 387 436 497 61 45 734 593 219 183 212 343 653 65 843 380 0 618 259 151 774 640 714 105 745 202 560 201 395 298 622 544 578 871 507 449 197 80 638 141 388 261 355 603 95 851 384 908 411 982 324 569 684 244 339 75 673 331 752 859 485 533 197
920 560 668 765 781 558 393 182 920 979 118 762 513 285 111 10 894 817 651 790 413 973 52 860 333 532 431 776 866 328 779 655 855 63 434 42 427 85 603 350 17 799 404 590 565 481 826 790 562 320 857 41 833 742 784 946 507 807 431 249 127 617 315 591 199 462 906 449 850 68 582 808 214 301 773 613 568 462 294 852 705 640 214 545 471 737 822 113 279 487 535 619 653 353 223 400 484 813 390 102
574 377 940 493 738 48 827 531 969 171 378 45 512 579 544 486 402 769 120 462 640 793 170 362 533 962 155 861 78 372 128 755 71 192 277 327 700 720 807 422 909 290 143 107 109 490 107 74 808 736 997 714 693 928 461 780 207 577 960 775 893 966 453 596 42 622 973 320 301 216 786 681 962 697 552 350 650 62 253 43 855 80 52 341 375 413 61 143 730 497 120 122 760 32 528 943 836 547 65 486
516 787 773 592 950 315 752 996 375 111 130 144 324 916 919 813 914 111 221 628 561 830 589 804 95 663 920 929 168 609 513 103 997 766 526 68 307 459 391 59 661 65 767 619 366 976 798 843 112 715 28 725 326 436 925 686 197 968 496 286 394 822 827 766 598 27 147 557 390 851 505 454 719 161 967 496 62 970 437 119 864 77 817 452 580 788 777 560 841 840 870 338 962 104 664 838 237 0 20 339
828 241 453 260 210 574 5 164 469 429 623 226 531 377 422 317 4 374 186 809 250 586 716 550 980 166 491 615 496 128 258 62 949 97 290 623 623 557 242 6 782 612 91 412 216 644 807 585 682 346 833 862 814 211 89 242 524 902 280 43 82 390 667 340 170 561 277 433 87 799 693 447 132 180 27 637 495 304 333 336 359 906 933 149 294 396 248 738 8 47 98 720 277 198 923 392 944 750 241 655
367 373 498 882 652 386 729 633 183 452 747 220 568 943 683 176 457 518 46 774 313 538 425 39 700 973 170 933 257 634 692 744 62 678 969 985 407 50 496 908 666 614 555 556 300 877 151 333 515 746 935 426 704 467 342 828 948 459 182 679 215 796 376 548 759 2 158 890 974 697 768 406 21 138 107 698 983 868 738 823 821 837 418 510 699 266 40 594 336 140 36 948 867 817 692 870 237 6 796 297
719 261 359 817 978 528 405 565 359 643 845 79 720 358 858 378 377 866 849 493 962 563 553 833 661 820 538 204 445 237 460 977 71 440 104 559 477 601 532 171 860 474 234 693 295 956 227 509 958 314 492 371 157 303 335 155 708 526 156 158 989 201 120 121 182 868 8 279 254 298 900 776 334 677 632 487 329 859 537 704 592 29 245 131 745 89 819 767 105 949 851 951 445 374 181 659 354 113 510 427
948 947 254 660 413 715 36 479 671 848 826 848 988 452 565 959 955 988 376 92 48 240 174 305 447 949 331 960 495 972 132 215 349 109 755 644 775 585 718 29 53 340 96 256 123 3 962 993 808 222 704 365 737 418 379 708 773 948 212 463 384 76 983 699 715 610 499 878 696 921 183 369 270 346 39 707 143 917 182 443 987 338 152 273 267 767 478 931 730 46 871 826 372 254 645 976 356 397 541 512
503 83 296 886 38 334 95 390 378 671 565 855 765 768 476 46 923 710 431 948 131 568 148 650 50 356 997 15 701 62 350 746 376 669 940 903 42 265 234 933 671 88 552 58 481 16 61 603 778 598 52 646 965 593 381 935 935 645 836 681 337 80 689 315 320 818 479 96 828 573 4 658 475 498 276 42 15 90 169 34 295 393 236 102 9 704 781 782 287 4 968 396 428 553 595 590 399 237 737 662
536 964 774 205 594 394 171 467 316 339 920 845 476 802 385 943 843 586 305 616 37 696 808 824 604 607 230 922 902 685 643 778 352 506 497 331 618 31 508 615 532 313 465 948 84 123 920 625 167 651 747 813 931 121 625 840 156 950 600 986 164 249 565 630 695 141 492 969 305 54 324 812 77 690 83 723 230 859 740 481 687 604 754 250 938 830 847 230 880 656 174 668 430 521 451 283 748 834 253 942
630 950 320 112 326 934 735 241 37 901 609 297 209 119 299 559 494 315 691 865 294 262 88 648 880 656 382 555 238 799 975 395 606 798 850 736 284 642 923 4 94 606 192 979 47 877 459 310 222 891 789 432 143 387 647 368 861 671 232 670 551 179 2 238 925 213 690 411 268 562 275 852 391 687 770 688 69 109 601 2 196 71 333 347 10 542 252 218 150 482 874 612 409 252 452 915 603 954 53 833
186 48 42 660 615 936 41 455 617 959 298 752 69 229 474 480 846 654 227 382 961 472 260 785 687 663 442 139 234 855 84 114 55 768 815 148 29 672 732 74 501 796 600 191 184 122 542 179 778 972 68 949 727 670 871 714 788 256 972 952 493 901 221 762 874 183 696 301 414 326 450 173 922 152 881 164 871 69 601 565 120 263 361 262 786 135 387 384 896 101 360 773 700 779 580 599 575 838 316 0
425 241 765 452 521 895 26 574 789 707 842 718 654 407 832 230 540 959 976 738 796 312 404 312 965 677 473 142 572 281 589 32 752 601 139 878 497 909 740 890 108 812 594 189 259 641 118 292 947 350 59 615 862 577 203 113 837 453 486 843 422 884 2 508 117 809 966 52 268 953 732 631 219 85 630 983 717 214 53 324 558 180 195 222 221 974 170 174 397 25 41 44 423 896 468 224 810 86 72 449
674 66 24 994 617 427 396 777 947 220 396 622 399 161 285 241 688 779 286 143 639 792 654 242 911 688 208 322 617 405 172 630 142 603 650 492 156 200 605 793 577 393 226 177 629 419 644 261 611 226 535 30 799 929 809 881 411 782 82 928 219 73 159 541 47 765 479 796 510 792 85 488 174 493 565 246 566 477 612 492 43 946 711 390 870 142 831 213 793 768 81 374 118 676 574 503 233 684 129 863
939 848 751 819 141 47 855 306 363 563 315 933 169 590 885 273 362 769 671 905 934 266 2 742 711 711 369 498 919 61 13 881 347 749 552 195 195 892 249 822 286 525 850 230 453 147 205 528 790 300 140 463 12 224 929 673 846 8 107 430 677 357 387 301 550 433 586 419 37 690 78 470 520 849 619 408 415 771 288 563 505 841 707 618 921 549 868 123 819 878 348 186 784 818 144 929 138 548 679 19
561 785 490 100 222 669 943 163 605 521 257 74 720 543 924 836 649 768 380 1 565 462 600 158 341 891 686 701 704 690 270 867 91 269 2 720 350 606 395 251 605 704 518 298 621 274 466 240 894 308 279 369 168 678 453 98 185 332 759 330 983 241 459 915 251 390 982 450 540 203 485 42 372 129 395 860 944 301 537 67 425 446 807 395 410 900 699 413 815 904 535 18 847 65 268 363 245 603 47 230
291 15 699 690 822 236 997 39 283 593 153 883 794 692 905 537 434 63 504 350 691 569 634 636 668 466 195 307 861 31 615 341 254 306 775 409 746 117 572 173 903 660 129 222 750 651 224 154 160 730 929 181 98 696 539 721 381 63 21 356 41 689 177 251 977 812 628 487 916 495 790 316 490 331 447 30 439 411 885 16 242 40 147 130 101 433 242 558 767 53 28 683 96 216 132 213 482 878 244 938
23 736 237 664 940 613 691 767 248 508 282 969 177 4 113 1 542 47 150 544 570 70 720 863 466 107 220 273 198 234 548 561 167 947 993 505 802 482 190 488 742 474 310 258 771 59 505 91 103 131 671 434 727 699 367 952 16 374 198 832 392 417 568 13 960 720 802 230 11 607 198 59 857 661 802 95 760 461 92 407 602 129 170 67 563 113 833 467 579 40 489 427 283 357 95 324 906 296 298 50
257 274 80 495 932 611 576 66 897 272 192 554 282 791 230 263 246 500 450 846 886 334 651 970 118 770 776 500 566 477 189 463 163 41 149 327 49 675 135 951 537 767 569 306 848 934 145 492 126 832 78 405 845 452 164 922 623 109 376 162 835 76 499 419 83 728 391 240 641 903 214 571 365 498 309 118 764 344 122 184 624 283 373 734 399 783 618 711 877 227 703 939 298 973 116 460 268 150 223 119
542 904 851 223 617 507 39 346 142 45 157 279 987 192 537 551 702 765 20 299 110 680 363 413 199 275 272 392 381 848 850 614 121 3 641 720 431 150 116 892 744 271 568 831 69 424 951 105 436 564 757 502 129 923 8 862 540 437 23 342 234 646 964 294 194 542 157 984 551 816 120 552 648 128 555 839 111 532 343 775 323 166 956 817 90 347 484 198 994 779 179 994 127 774 657 97 306 274 637 527
266 967 554 619 444 205 854 1 368 169 750 8 93 247 19 68 690 147 203 846 57 959 989 771 637 126 425 874 471 457 532 837 894 816 509 355 611 337 372 884 493 483 829 825 29 170 900 879 755 588 407 158 70 790 469 306 978 783 981 318 780 980 530 910 636 912 113 276 738 663 456 352 775 318 352 574 130 164 742 466 225 545 119 882 49 374 766 104 347 203 377 828 355 54 103 513 953 919 188 116
56 623 141 91 131 54 383 752 437 894 176 813 40 515 92 235 860 647 860 262 145 9 929 534 286 628 997 721 214 839 621 210 976 626 409 602 404 27 750 995 990 14 666 452 27 563 787 839 961 868 652 305 58 925 970 47 693 606 804 502 56 662 537 598 273 965 837 414 105 490 830 833 897 865 271 131 342 476 507 723 841 157 759 345 186 316 152 50 655 362 908 798 223 247 938 328 477 68 179 61
725 372 734 471 38 819 407 193 653 839 704 217 98 80 661 899 902 191 411 957 812 787 759 743 581 31 609 649 926 943 653 273 297 445 998 469 423 288 307 366 908 959 396 815 657 691 700 143 586 39 426 286 657 221 249 938 612 991 890 6 210 758 266 710 185 431 919 652 82 191 475 613 883 44 48 853 390 943 85 890 331 466 62 887 517 367 616 75 196 59 856 432 398 301 156 149 692 686 629 226
771 47 60 395 564 812 402 612 173 395 548 669 905 999 674 743 696 379 193 818 814 844 455 22 335 43 215 582 888 898 160 703 313 859 118 283 405 667 323 704 965 4 902 801 511 187 527 398 626 412 453 313 493 811 411 926 592 38 59 521 596 819 723 274 235 844 355 45 881 390 338 28 56 488 853 810 942 654 511 148 515 816 956 475 445 846 209 502 448 191 691 367 607 801 108 145 280 628 566 666
831 481 517 235 74 424 257 5 957 600 984 937 527 911 5 779 863 247 828 388 634 852 597 689 699 970 421 254 380 708 529 314 88 844 316 34 299 721 401 20 588 204 544 847 207 754 840 695 796 328 282 32 799 177 31 979 884 828 536 103 3 3 625 249 70 670 849 682 595 970 480 141 846 808 799 430 307 749 481 944 130 725 457 52 425 497 514 910 812 336 150 471 185 298 16 585 579 295 776 536
904 157 100 826 847 140 186 990 378 601 671 134 346 591 973 278 546 573 823 573 155 939 870 258 820 8 956 547 791 214 851 12 972 944 40 972 625 631 204 285 310 523 531 211 665 15 124 593 325 738 38 6 471 203 381 965 287 841 5 838 183 638 199 163 749 658 161 401 550 0 653 915 369 538 263 631 407 658 593 804 884 362 222 53 175 845 541 769 563 74 685 783 625 365 102 671 324 367 461 6
854 723 43 324 85 123 637 932 940 749 558 628 247 201 954 820 415 146 988 904 117 392 837 475 315 869 289 3 436 591 307 39 197 587 950 160 319 898 968 52 208 608 828 814 516 56 536 424 410 281 255 178 379 556 888 461 885 567 9 215 833 633 496 349 442 518 431 659 250 793 500 517 178 936 696 508 563 23 959 259 333 865 593 154 335 128 659 640 699 488 275 752 889 752 218 574 111 479 372 997
624 876 173 616 781 738 0 443 859 380 897 861 607 750 882 968 39 342 13 313 859 791 960 762 518 747 628 425 717 121 396 84 651 961 634 456 692 977 372 597 128 215 780 318 591 413 145 138 870 250 535 769 466 59 138 833 916 411 98 34 109 575 726 738 983 813 210 646 115 425 275 62 970 415 184 643 10 641 170 104 602 489 554 466 586 627 618 591 823 801 540 281 878 338 487 553 489 42 335 778
203 498 23 445 974 472 799 50 874 495 822 274 240 993 431 620 20 259 151 356 194 618 823 314 885 994 183 631 927 630 153 968 306 392 900 103 466 109 491 114 828 567 717 327 979 266 40 884 906 867 533 230 891 979 583 585 675 708 560 980 288 167 122 243 341 854 968 848 93 328 153 910 767 37 527 627 901 495 335 619 954 298 724 60 97 923 77 327 808 315 427 757 549 511 825 660 445 473 986 124
297 191 791 578 714 622 462 853 451 956 683 180 373 941 26 990 442 62 146 418 776 641 40 777 900 396 361 256 212 866 181 427 509 210 321 762 507 145 345 475 460 223 875 852 631 247 383 608 484 835 218 382 327 567 347 656 151 14 678 317 260 206 641 584 774 255 671 163 619 264 482 296 716 670 957 553 765 187 145 652 12 752 771 376 648 798 100 941 862 664 610 493 467 28 214 254 581 290 77 376
576 220 988 220 352 921 666 656 610 794 891 963 868 25 305 507 435 264 936 975 155 729 301 955 653 989 829 688 455 703 972 474 110 769 76 792 764 550 24 727 132 443 330 68 772 646 624 441 723 706 818 316 354 102 220 846 919 32 567 362 92 977 201 906 821 416 853 98 948 512 743 884 240 208 842 711 398 232 182 7 365 387 965 749 884 656 120 7 549 230 873 731 983 662 635 154 242 424 246 356
792 525 492 210 963 934 76 145 259 508 447 686 849 559 997 704 12 451 22 164 296 845 549 718 639 11 901 577 573 688 469 974 986 826 214 839 894 754 786 950 580 974 748 40 782 187 882 423 665 930 141 790 401 81 60 946 975 774 571 951 32 498 572 570 39 472 700 23 345 157 810 257 665 72 584 321 97 509 936 451 129 477 912 642 546 679 573 904 765 267 864 120 183 834 917 81 401 177 1 310
487 858 78 508 120 884 124 329 497 738 849 465 837 119 821 555 586 929 24 359 899 795 257 77 292 689 74 831 154 502 919 919 508 626 964 270 399 404 522 662 554 243 407 26 418 398 282 63 12 362 495 472 153 641 410 691 601 1 215 430 809 293 174 994 819 930 957 211 154 551 155 181 406 362 805 655 388 230 658 894 407 10 818 792 6 447 765 866 215 273 669 397 188 92 852 261 69 412 207 487
440 70 908 461 206 314 65 790 835 755 302 370 342 320 23 798 474 381 987 371 164 90 996 881 882 757 992 314 509 544 586 976 22 171 454 336 101 357 586 692 382 974 30 460 971 298 55 868 68 53 786 687 425 836 322 349 73 27 579 448 321 750 281 291 168 326 347 171 866 686 696 116 795 294 989 190 59 536 910 583 702 124 245 456 757 899 551 186 848 104 262 74 778 137 371 631 693 739 291 644
950 884 1 382 356 669 891 130 846 132 289 537 116 995 746 196 504 825 534 269 774 161 322 761 423 622 338 658 923 358 496 320 245 265 632 817 122 863 99 87 7 420 340 716 815 725 957 782 391 175 126 868 205 21 870 789 562 239 959 734 331 233 207 488 635 968 292 851 362 928 73 641 725 446 262 353 821 606 946 697 664 555 267 747 231 628 115 223 395 843 255 883 903 364 756 774 213 851 80 846
433 106 420 462 101 485 142 758 759 516 968 956 292 261 70 775 966 459 257 7 853 68 455 519 673 190 737 361 690 488 140 969 525 100 264 557 135 804 646 746 485 357 464 879 875 299 590 642 294 980 807 754 594 72 992 365 651 901 788 911 747 781 68 271 375 998 430 192 996 512 640 161 812 510 521 496 603 576 644 374 599 95 66 709 680 385 375 452 107 899 906 234 16 734 999 704 288 193 503 876
868 398 645 781 339 646 941 83 551 496 761 74 256 414 311 652 714 358 590 989 623 977 84 97 606 406 145 78 511 817 207 410 73 767 505 201 449 285 369 34 444 291 901 610 138 831 977 601 423 346 990 930 602 513 253 891 313 547 175 933 500 863 572 734 289 350 1 489 908 109 202 428 988 556 545 332 75 473 959 774 429 543 654 164 826 277 807 559 514 613 888 901 109 436 533 581 719 167 321 787
830 487 692 314 144 561 941 46 967 921 816 839 588 401 504 957 208 407 907 12 543 441 975 294 221 300 319 551 23 964 613 907 151 172 943 941 850 340 20 264 335 761 591 592 797 48 313 708 932 575 372 311 260 309 243 388 512 397 93 844 242 389 23 3 308 908 688 415 457 562 106 868 387 642 676 781 849 382 497 172 987 611 619 447 592 301 647 842 928 555 429 452 247 176 22 945 738 588 284 889
360 897 250 370 469 503 924 617 632 462 538 129 900 920 856 631 770 575 411 6 261 845 487 902 132 654 621 211 620 731 43 261 97 608 812 89 360 249 978 88 377 29 209 466 16 300 552 327 319 391 175 162 177 278 627 514 409 348 237 815 882 713 996 901 418 276 32 292 107 767 270 521 597 322 629 231 636 21 885 832 101 294 892 229 555 881 84 819 980 298 679 12 11 163 205 664 33 307 48 739
268 259 219 551 120 654 564 854 648 396 877 388 462 405 713 588 820 767 346 536 192 212 312 809 87 258 509 434 116 965 198 329 973 145 564 842 74 340 108 901 316 230 171 584 420 291 549 606 450 617 843 265 961 511 547 55 947 409 464 861 144 130 737 682 197 548 415 317 840 870 513 480 658 444 220 962 41 727 389 796 709 903 984 499 122 932 367 461 598 509 894 665 875 247 757 186 492 488 386 871
875 231 765 579 104 362 607 516 290 584 14 219 19 668 152 240 146 238 560 265 180 953 718 331 976 847 605 411 686 34 469 553 341 517 920 477 138 404 395 759 325 850 171 13 495 674 645 206 94 517 39 254 927 121 691 921 513 433 603 256 757 196 830 256 114 460 878 502 747 674 102 741 843 800 939 329 782 705 836 301 201 398 316 169 994 215 625 219 826 998 964 704 801 138 2 129 20 914 898 34
795 143 459 420 414 298 410 127 181 361 139 807 597 301 54 359 879 660 262 899 835 659 675 749 710 398 939 704 797 810 309 867 806 802 505 58 939 896 755 695 804 498 37 465 859 156 106 499 84 643 249 360 652 999 198 136 467 710 709 16 359 706 329 370 52 271 1 795 796 995 419 983 905 566 94 337 621 210 889 553 291 439 620 154 561 948 215 807 603 368 590 229 186 739 336 98 168 666 412 587
155 311 703 88 223 265 455 85 905 861 514 257 820 155 724 919 86 175 809 103 56 194 191 427 405 190 796 166 230 995 168 954 797 302 398 980 736 531 930 295 493 129 902 741 854 333 408 31 14 416 12 993 857 309 531 961 119 275 683 32 468 289 855 909 693 559 459 518 756 743 183 554 244 513 609 926 292 450 573 71 781 765 151 813 983 174 97 488 770 437 860 460 848 897 826 204 274 992 48 294
873 890 274 270 233 458 749 344 699 604 668 669 702 611 250 703 137 41 926 518 462 971 747 319 883 722 705 346 686 405 652 299 401 279 198 891 491 880 579 524 425 752 788 165 768 191 758 237 647 123 66 232 66 529 831 902 143 954 387 510 753 403 657 294 952 369 267 423 412 359 211 257 462 401 93 709 183 581 550 692 964 467 699 562 338 419 233 871 447 296 747 536 492 68 771 22 95 494 212 399
923 335 824 287 911 808 770 664 436 121 718 561 404 695 546 285 703 94 955 532 135 396 975 116 611 674 765 393 630 71 614 688 368 151 769 629 642 411 651 530 649 568 435 326 577 186 132 797 522 485 318 0 538 679 263 526 359 708 675 236 43 376 34 364 506 30 192 253 926 917 643 291 443 425 883 567 960 649 539 425 542 967 871 144 753 614 150 688 887 242 269 934 736 414 486 272 534 70 819 547
993 879 871 604 842 26 557 113 796 696 566 710 168 250 694 76 505 889 611 892 879 503 365 683 647 708 555 29 938 610 32 889 829 992 431 663 96 266 302 726 56 36 892 191 675 558 766 485 720 410 766 645 459 926 667 490 513 187 957 133 471 527 174 185 664 676 881 175 819 30 979 239 587 885 835 843 611 174 8 88 942 69 309 528 843 386 430 902 325 941 149 909 309 168 255 529 861 706 527 998
677 590 666 689 430 527 58 573 91 823 878 339 179 868 190 401 218 646 342 277 246 978 849 877 881 70 930 418 629 306 982 905 646 9 411 352 403 619 97 316 328 856 811 502 62 810 730 440 977 853 310 215 364 250 752 698 740 788 808 360 596 639 943 784 841 973 692 169 457 838 998 598 548 25 948 389 167 347 815 70 339 489 440 775 996 766 541 396 256 712 611 614 811 737 719 689 913 26 660 89
118 560 983 139 855 711 666 338 301 363 531 393 973 737 20 107 198 167 788 74 432 295 913 744 227 383 787 811 306 259 476 140 686 725 952 779 505 301 920 284 100 202 94 893 180 218 641 74 716 612 490 745 238 586 657 822 647 238 911 471 924 855 32 42 887 390 706 247 784 241 601 897 247 503 974 229 200 20 564 8 742 713 95 693 768 730 902 100 68 130 132 267 390 448 360 244 170 51 5 790
512 393 289 475 11 593 497 734 612 427 621 626 674 902 729 211 760 338 274 156 487 605 178 654 108 334 507 799 143 729 59 148 14 773 496 348 423 619 682 175 232 168 488 641 508 505 592 487 718 149 484 831 777 849 302 906 215 634 366 676 86 698 591 882 368 472 612 900 406 380 787 140 656 98 923 319 117 536 145 603 741 19 80 993 245 227 371 165 471 590 133 789 253 5 89 534 576 605 273 36
892 691 81 337 362 343 175 679 925 982 789 678 488 763 935 66 618 597 637 140 101 447 429 815 247 997 886 650 8 389 743 511 263 109 710 50 938 742 631 901 52 691 239 488 801 454 300 490 70 23 915 979 968 132 934 445 262 265 90 364 456 524 670 535 239 277 415 378 52 885 127 876 965 735 88 410 208 940 14 793 696 396 580 985 474 764 542 131 175 265 787 673 652 267 444 527 21 703 249 523
39 922 438 185 895 39 13 233 43 524 236 321 250 296 667 60 944 684 61 475 735 284 203 787 97 454 223 698 291 561 388 504 691 491 754 774 958 394 89 434 750 309 87 650 28 466 423 355 599 383 582 336 642 773 788 755 718 651 88 441 815 315 942 482 135 732 630 758 542 892 102 550 594 626 724 425 196 552 758 630 31 868 98 907 979 52 862 917 703 998 56 307 306 648 618 435 367 604 515 296
836 664 813 707 281 32 741 15 49 362 558 165 892 457 410 947 216 35 502 82 870 712 55 543 836 795 243 946 8 289 58 592 37 462 794 366 54 391 625 947 311 847 868 340 440 890 414 849 238 671 218 332 101 432 426 123 608 269 870 486 788 794 7 760 304 966 127 430 663 43 892 825 409 555 770 22 844 715 103 946 380 394 708 336 70 726 490 605 36 670 757 785 520 139 158 517 840 108 36 474
762 984 186 194 778 392 922 546 661 403 279 893 166 924 105 394 86 670 689 577 476 522 394 992 285 107 304 269 396 253 182 736 679 629 183 396 208 513 558 677 803 943 943 632 391 864 618 596 34 764 430 170 418 458 997 239 589 193 908 670 88 653 149 407 221 542 214 537 740 708 185 572 111 12 773 532 579 761 600 421 488 708 234 631 823 12 318 220 631 943 807 14 605 887 589 150 793 535 411 848
650 81 856 326 578 857 58 405 685 464 660 828 593 487 181 379 418 517 584 208 224 993 905 796 901 171 967 224 423 622 739 43 350 751 770 407 851 908 53 965 953 912 535 166 283 979 421 117 705 209 732 275 951 202 624 656 175 60 425 407 890 834 982 62 725 617 477 841 716 774 528 509 464 619 254 312 458 739 513 921 750 849 518 213 890 463 92 147 127 114 231 791 483 645 74 119 929 472 441 665
501 579 401 931 681 222 810 331 947 311 197 436 546 503 656 40 315 769 172 262 525 330 713 601 542 736 26 819 544 134 382 986 297 847 420 170 448 587 532 667 652 760 199 816 917 795 244 979 988 33 804 160 300 178 140 171 866 799 388 944 195 991 787 812 928 211 138 699 82 485 592 728 236 504 609 765 130 897 684 747 492 46 830 510 330 222 685 119 707 249 304 648 198 588 471 660 972 386 887 705
656 544 897 502 440 76 923 795 569 375 40 969 114 641 451 148 161 276 482 705 525 19 992 833 181 944 529 648 32 949 792 743 9 979 90 947 149 327 69 254 299 889 550 331 208 335 534 557 136 322 498 695 904 181 180 637 552 63 321 496 547 274 763 619 583 296 959 135 550 504 999 834 207 228 406 635 469 660 624 845 409 971 512 710 450 96 839 827 798 453 394 86 5 572 706 24 126 930 748 911
376 398 7 632 323 664 488 676 775 544 167 891 439 475 87 576 762 52 169 486 457 131 336 96 109 912 828 634 521 381 509 539 912 712 469 11 963 880 386 786 608 162 52 254 285 503 646 529 485 130 262 73 760 262 454 244 62 910 522 410 835 854 155 393 35 628 979 727 6 75 612 881 666 383 878 295 79 81 811 606 266 298 148 390 119 435 778 649 258 225 949 53 357 975 950 753 7 658 219 657
523 919 523 409 518 380 407 377 383 158 164 980 99 916 144 536 705 765 274 599 849 329 469 780 126 559 523 690 432 124 288 420 862 153 82 346 775 738 872 738 27 400 265 99 61 968 953 441 831 413 48 241 384 619 807 193 450 743 283 958 856 717 944 259 870 743 118 945 833 798 761 966 892 535 572 449 63 369 719 157 605 82 859 19 75 46 35 242 346 888 896 32 455 913 881 309 456 6 228 317
850 8 607 33 651 81 349 849 47 358 130 80 23 125 353 774 858 925 183 824 707 875 599 944 901 729 511 979 654 262 993 57 140 401 306 597 474 826 367 993 697 186 195 988 758 815 8 329 559 106 451 531 822 404 609 975 408 663 131 922 570 369 195 784 365 73 940 621 818 756 300 32 557 189 126 521 680 611 186 86 720 181 419 547 810 462 234 735 792 331 188 811 694 444 423 327 991 410 622 685
875 386 511 803 806 419 973 632 277 88 294 797 476 44 201 389 949 648 974 903 838 204 829 487 567 488 337 112 766 798 530 270 988 501 211 334 670 616 740 391 488 602 457 703 36 391 334 649 242 33 378 342 436 719 847 671 556 23 236 317 81 860 865 479 558 24 808 975 833 867 718 333 907 582 414 235 746 126 450 175 154 687 870 732 420 187 834 268 653 539 777 646 379 422 310 628 736 978 145 12
582 358 815 374 315 45 435 853 305 611 925 430 573 60 163 393 990 132 58 371 190 539 321 294 90 72 953 485 272 786 499 767 980 438 593 795 872 495 417 374 752 980 963 42 614 347 72 319 259 916 638 603 919 774 821 42 36 521 284 242 92 949 581 518 112 157 449 135 467 367 521 495 715 683 618 209 576 279 679 743 999 634 226 356 148 895 847 206 616 550 758 350 210 175 282 802 399 444 930 456
897 937 851 891 394 142 888 236 155 611 466 757 841 541 242 457 723 224 370 216 310 242 518 917 608 171 284 540 401 816 810 131 348 222 845 62 782 334 961 5 6 611 51 4 83 0 508 669 932 825 79 174 74 714 146 654 418 933 282 223 858 348 834 339 801 335 409 619 695 180 675 388 263 365 209 699 191 513 834 608 662 615 608 576 737 635 57 634 76 191 643 848 52 738 147 658 776 711 203 747
591 889 973 751 149 690 911 708 504 447 462 905 99 674 560 242 740 258 602 165 278 775 542 504 537 826 336 525 218 550 922 480 310 86 17 773 642 856 426 46 724 348 129 629 728 738 749 377 177 904 918 517 109 37 468 815 346 468 213 323 354 386 490 953 524 982 594 12 657 786 600 883 832 555 441 930 645 913 776 799 77 958 347 314 632 404 370 272 618 201 426 173 643 102 692 338 857 175 104 745
143 736 720 391 303 34 685 553 596 538 169 433 692 414 246 395 39 176 321 119 612 322 394 455 360 427 240 729 863 103 72 470 808 30 656 340 238 956 10 597 719 816 675 79 31 993 480 228 856 297 298 681 854 984 133 820 342 264 31 875 794 955 690 493 465 699 625 662 758 905 156 83 165 723 399 795 646 314 423 366 947 11 873 565 804 391 615 823 896 835 998 974 924 135 802 764 125 182 614 332
367 817 470 950 141 215 515 131 584 337 174 27 840 664 928 782 81 124 689 73 84 801 765 922 906 181 158 30 920 635 670 464 700 91 999 129 540 922 424 588 875 483 238 558 660 971 134 260 207 20 682 0 493 540 248 566 51 547 44 959 57 485 210 949 667 710 327 748 664 798 241 159 700 100 197 600 563 206 262 935 47 897 822 900 952 669 970 159 843 433 77 993 878 465 531 390 273 289 891 950
644 385 596 408 778 523 300 392 342 647 3 844 285 108 912 160 662 310 996 998 739 167 905 231 720 248 280 235 569 807 327 273 315 311 291 661 301 414 122 429 368 578 816 195 430 232 707 769 552 370 727 963 292 893 210 476 480 364 687 529 242 65 822 534 320 729 529 973 817 250 858 248 187 567 629 160 351 709 801 487 541 511 682 198 80 363 981 422 101 815 181 936 726 592 186 302 755 281 875 700
703 733 952 301 511 478 775 724 263 49 124 771 562 199 987 731 383 623 454 956 747 107 872 1 69 921 522 594 381 327 405 69 834 100 784 808 558 380 686 601 588 256 158 51 690 409 374 526 605 454 919 131 827 918 953 596 860 950 232 589 956 180 342 936 644 55 936 461 415 179 173 3 937 852 368 490 948 821 311 659 547 995 989 927 407 273 241 915 147 187 947 608 148 96 645 408 914 222 406 635
472 912 111 425 281 916 194 975 550 462 648 39 639 572 42 961 190 415 528 371 813 21 313 227 231 564 855 840 206 959 576 725 414 676 186 634 884 563 646 491 78 266 365 685 539 908 969 575 54 683 217 498 694 35 821 451 598 883 194 716 60 354 768 590 885 922 625 962 385 407 77 627 769 36 292 547 655 628 687 323 595 279 785 523 742 78 31 378 854 735 35 0 369 929 431 723 497 774 799 617
282 6 190 646 606 590 728 657 742 274 795 970 196 870 120 781 568 245 847 807 890 247 108 650 372 76 257 839 605 568 49 880 828 70 40 589 89 139 916 152 349 374 635 580 939 65 804 498 809 649 155 252 927 992 726 35 898 539 274 530 332 889 52 174 224 914 141 125 830 531 691 429 329 695 458 516 611 527 710 307 272 759 30 955 413 797 953 836 343 5 691 549 865 386 819 460 322 461 355 24
923 678 668 278 958 726 923 231 533 210 424 370 829 967 257 573 858 96 760 427 961 304 782 824 839 142 564 943 876 998 194 149 172 686 383 593 91 752 997 687 874 722 302 133 580 321 720 898 128 246 601 225 701 927 63 619 896 843 438 815 161 980 354 535 15 274 197 142 583 664 482 106 98 73 553 238 1 648 243 518 421 666 814 630 396 968 448 244 622 764 697 247 313 181 525 893 367 766 117 306
123 577 314 464 764 495 126 627 374 825 617 247 599 920 394 495 165 724 139 46 825 952 520 819 966 234 792 917 547 659 870 234 530 937 394 843 351 350 865 900 842 820 870 797 146 449 648 393 787 29 728 643 627 71 481 170 57 494 497 529 703 209 80 714 954 382 716 662 525 550 144 815 858 238 204 4 82 722 673 517 586 398 129 518 931 227 607 459 456 223 785 857 852 336 197 632 740 156 842 763
732 986 867 236 885 913 784 388 866 476 88 335 821 980 943 304 79 561 783 727 775 256 206 302 765 286 962 522 41 572 263 925 879 909 784 600 530 893 633 17 443 218 593 979 134 450 35 872 393 892 552 178 373 115 987 475 779 565 470 598 950 261 347 294 212 162 455 911 195 342 774 186 928 765 284 557 663 226 167 314 250 90 129 148 19 84 552 764 921 308 820 965 422 34 67 181 871 298 766 972
995 124 676 50 118 366 249 607 830 430 812 553 397 156 347 860 132 198 275 128 610 690 989 887 522 808 763 894 698 103 685 364 460 195 319 126 414 78 30 652 834 944 933 491 496 267 568 266 687 206 48 672 23 638 362 304 134 789 528 310 603 355 909 727 744 447 92 202 836 220 445 54 168 622 293 665 756 498 390 254 240 497 206 491 54 13 341 822 832 14 991 625 549 720 49 479 35 205 746 49
174 365 429 466 761 994 504 401 345 697 547 636 398 273 70 106 148 417 673 731 106 270 369 821 228 820 504 447 572 814 629 551 752 341 80 874 67 740 730 60 508 940 476 135 467 355 226 276 650 943 330 617 532 14 943 903 996 608 237 940 489 56 828 531 67 996 883 57 193 195 38 408 687 612 222 166 793 233 354 873 594 228 797 629 483 11 18 737 397 176 878 459 502 789 571 451 111 945 68 471
472 168 82 454 904 921 930 919 792 776 109 762 253 364 346 260 259 199 47 56 977 146 659 16 317 579 906 897 41 771 54 847 165 883 401 426 145 342 724 562 81 99 945 621 66 116 205 138 443 310 192 912 898 12 493 325 508 66 137 325 15 32 877 21 722 261 596 370 963 920 115 916 474 484 974 877 200 38 949 201 374 767 454 731 578 141 949 153 389 75 917 78 205 399 547 49 222 924 898 804
519 834 174 523 194 275 438 413 37 615 124 469 117 936 951 247 577 145 442 580 312 442 980 887 2 36 711 75 937 925 655 276 140 144 681 539 592 930 537 303 703 535 116 774 950 448 961 268 447 299 471 76 481 317 492 76 854 287 520 158 564 362 476 112 959 847 329 972 254 412 654 646 608 139 876 777 326 206 937 554 74 442 627 637 453 579 795 822 652 604 684 305 410 379 738 341 58 3 814 102
118 989 13 35 645 824 468 342 440 714 749 647 349 966 83 121 734 838 659 380 52 506 320 649 727 348 236 229 400 535 718 323 392 834 435 85 428 592 992 628 111 452 381 937 855 37 956 443 295 617 606 220 344 434 49 612 668 364 308 296 587 238 942 905 996 426 254 514 531 997 692 142 845 30 268 600 125 382 794 689 392 793 933 782 928 498 978 958 785 823 416 64 283 696 41 872 510 476 941 428
782 441 912 297 924 464 374 314 165 449 486 285 569 618 903 794 305 159 976 497 448 296 729 707 581 628 858 148 989 396 90 649 441 366 906 951 880 636 858 464 123 664 792 336 336 131 495 664 792 246 567 350 499 443 979 485 711 204 716 296 605 225 325 769 358 837 844 202 712 952 913 668 301 511 374 784 504 393 370 449 132 193 356 742 828 739 149 998 386 420 239 676 919 561 859 897 338 23 977 499
287 292 952 840 332 898 49 987 68 195 981 317 833 266 163 411 869 582 940 619 688 845 816 291 712 237 749 739 652 477 445 480 416 871 162 839 241 515 409 930 689 161 929 190 439 921 842 653 397 447 27 755 82 357 810 441 476 661 127 95 149 310 335 591 750 500 901 962 103 324 170 354 173 10 929 526 916 625 852 791 395 96 341 205 450 689 397 58 60 721 363 579 388 314 780 379 826 337 440 938
20 880 549 73 276 673 582 72 427 284 524 851 809 336 700 53 968 129 141 60 102 842 901 381 960 591 966 859 229 550 700 578 184 914 770 515 546 268 928 776 106 325 631 776 197 511 770 51 614 727 411 696 196 379 835 178 978 167 112 685 706 723 842 877 584 945 666 895 565 184 506 700 200 364 954 777 211 124 184 449 820 914 245 501 139 3 382 805 78 592 536 378 155 243 70 383 482 753 192 252
845 875 485 429 221 711 495 831 425 57 966 854 983 663 865 792 478 341 738 581 562 861 816 973 648 127 544 957 294 570 294 457 932 932 604 945 428 815 280 428 507 550 379 20 625 682 395 492 378 277 905 141 15 611 689 983 58 512 781 93 166 538 537 855 763 509 921 51 59 919 364 662 60 310 73 11 481 795 347 965 732 52 579 16 665 152 442 321 242 620 886 915 34 186 261 969 13 524 257 116
760 343 433 458 913 242 80 704 537 677 501 263 165 815 360 114 958 520 189 610 66 600 808 438 32 448 627 874 48 104 998 957 537 230 205 389 618 121 103 422 72 737 784 565 119 623 750 219 825 147 10 493 335 647 50 160 534 995 425 465 614 206 656 432 679 544 725 934 610 971 495 837 417 766 538 328 816 243 319 409 697 408 48 901 93 504 622 890 180 45 854 623 695 638 808 865 81 351 885 574
897 816 609 853 651 173 76 568 108 721 343 291 675 16 767 205 158 755 339 174 921 834 753 564 117 871 141 779 958 672 247 465 357 744 511 881 799 194 249 920 428 53 781 459 701 562 948 679 870 602 707 326 11 711 653 62 63 44 736 779 31 297 610 435 473 878 933 931 504 886 406 963 505 418 745 867 53 293 863 554 923 462 908 355 965 921 453 646 91 448 818 755 458 469 888 131 443 345 986 822
629 16 175 984 196 743 820 592 965 785 9 769 180 181 856 568 388 254 470 551 425 286 840 55 68 650 504 35 530 614 424 707 306 41 925 907 287 924 159 221 100 860 681 306 439 48 575 277 613 319 743 189 875 434 397 342 176 119 916 545 239 785 62 350 361 302 462 139 255 948 281 464 94 248 451 564 605 533 615 19 75 227 421 210 871 234 831 872 643 583 730 167 8 613 982 314 797 330 944 136
586 435 21 665 38 278 94 627 983 832 736 642 503 896 470 11 364 852 479 126 471 590 495 672 218 114 455 480 265 136 767 274 588 479 433 639 205 756 172 592 140 204 888 811 846 87 663 111 143 971 950 945 851 818 665 995 940 349 446 924 823 613 361 847 65 462 53 24 463 831 805 608 680 887 985 267 702 684 825 130 450 343 337 294 185 822 423 770 813 437 698 856 309 247 769 526 842 40 746 384
33 638 648 312 165 342 265 963 832 398 293 256 524 315 473 479 276 67 661 242 38 283 210 25 132 949 298 432 118 459 424 661 937 440 96 811 695 25 128 843 557 459 937 415 144 442 331 994 774 289 250 775 379 503 346 750 427 622 179 216 43 832 845 373 973 632 318 83 218 662 783 250 938 818 685 578 346 795 881 689 617 304 657 828 208 649 281 434 94 346 383 72 845 912 799 724 613 563 441 511
123 248 775 111 506 0 837 561 817 767 404 632 741 489 598 739 174 17 165 324 350 884 989 871 278 711 404 25 18 961 964 782 354 369 566 369 528 546 321 208 811 720 616 326 942 751 330 355 313 60 549 595 398 116 160 239 258 903 832 795 595 811 542 855 802 621 277 372 923 229 210 628 696 956 513 630 267 662 929 527 380 49 712 958 412 368 383 238 208 327 110 625 713 526 613 0 177 760 523 320
473 958 432 83 849 920 899 442 603 530 971 596 973 305 415 546 98 584 443 434 237 39 163 596 119 585 915 169 343 512 452 507 139 608 54 421 616 628 108 491 468 941 635 678 355 514 651 408 111 67 902 592 317 89 82 434 795 835 964 263 5 730 99 90 78 463 456 365 250 993 929 469 476 951 965 296 404 485 240 605 934 506 57 275 610 859 190 49 526 619 625 780 664 844 486 738 842 544 600 891
57 286 157 117 138 432 116 365 124 786 30 310 595 359 329 498 672 823 480 218 273 407 838 631 368 148 805 631 464 227 453 860 885 348 547 648 349 940 137 177 743 824 925 739 589 314 185 305 515 988 65 19 63 381 617 650 447 526 749 989 626 485 901 896 332 170 425 246 811 680 148 732 685 302 475 449 481 99 41 53 962 500 115 476 161 434 796 503 730 897 201 823 191 147 551 257 923 28 407 419
889 939 493 834 839 333 333 760 906 168 169 348 484 695 27 126 369 424 735 898 373 922 515 914 479 325 541 537 751 217 526 452 692 622 164 22 6 281 636 828 100 35 596 562 728 853 338 495 120 424 888 498 293 508 45 967 424 579 355 514 792 795 9 688 641 716 655 862 531 4 120 88 787 907 797 337 325 952 186 626 986 45 416 327 329 28 158 183 576 196 598 426 925 122 35 305 26 907 921 11
197 476 963 116 303 800 710 385 711 707 641 472 393 729 528 746 378 681 359 613 557 472 286 334 405 693 162 665 871 491 311 417 31 174 428 510 81 300 23 529 317 773 472 868 554 126 33 196 594 289 926 345 548 307 453 725 189 629 711 610 637 44 514 219 396 224 440 218 300 18 664 78 657 830 295 784 0 418 779 279 660 966 71 581 565 966 869 723 721 703 320 452 588 413 891 272 258 252 471 330
685 814 895 576 625 847 687 717 12 668 724 771 849 432 949 670 973 932 654 430 355 717 496 597 697 211 489 243 938 22 526 747 946 449 593 845 71 494 956 717 278 151 711 53 978 548 602 156 464 221 299 326 598 40 974 968 318 298 878 413 358 443 779 989 142 977 824 400 838 104 599 478 975 936 151 204 6 443 618 149 608 333 779 717 723 199 148 905 474 625 527 772 616 543 359 835 371 721 911 1
723 202 318 359 621 820 350 662 888 770 961 875 679 728 804 24 663 62 266 942 828 919 925 213 577 827 862 432 577 316 832 285 531 616 426 406 14 420 96 902 849 486 17 703 663 652 92 887 738 334 171 309 454 969 173 804 276 105 782 794 958 917 84 572 938 676 343 63 302 398 10 243 965 363 92 341 901 222 549 925 734 974 694 243 145 522 830 562 443 622 129 909 638 301 944 932 402 445 765 986
308 29 585 340 324 928 343 90 876 831 902 54 555 856 59 984 223 841 426 415 846 780 619 680 268 100 605 664 419 160 939 456 456 562 616 704 388 353 919 216 178 739 686 612 719 74 353 781 242 960 708 560 18 350 140 528 409 905 71 223 323 679 671 715 891 445 597 992 240 355 595 869 922 210 236 106 94 7 960 194 747 824 422 459 451 379 438 106 422 88 294 482 282 695 893 498 68 970 721 274
477 360 540 886 364 838 638 807 113 33 434 402 945 877 476 499 257 212 264 512 7 491 570 152 60 112 587 226 317 737 38 123 286 686 716 386 283 535 94 613 740 630 993 389 653 891 537 404 219 393 241 855 706 208 266 985 790 388 826 252 251 412 490 375 995 310 116 258 160 89 215 722 118 650 771 376 497 181 498 168 574 183 6 923 496 182 417 77 419 731 595 895 708 841 362 328 140 617 394 343
775 278 244 130 178 518 737 55 436 890 487 609 889 657 677 67 405 567 879 812 892 39 839 429 493 320 13 276 288 443 236 880 787 154 393 295 939 876 745 978 445 362 640 529 243 986 5 51 164 294 922 572 738 581 450 735 439 814 636 857 504 461 766 993 654 607 822 734 264 381 128 529 822 901 367 530 398 310 186 507 315 962 111 994 521 663 142 205 704 657 856 124 240 887 473 983 595 647 874 635
164 270 786 782 165 393 750 836 214 919 337 129 628 128 542 541 349 772 472 991 464 616 30 606 525 4 288 934 427 383 935 750 435 550 343 44 176 329 829 127 912 305 991 784 319 726 496 111 344 931 634 823 175 883 170 547 239 179 257 161 104 815 409 831 984 586 693 77 785 497 365 20 943 344 78 159 625 246 287 798 507 177 590 496 748 112 575 552 379 795 804 996 71 668 22 96 896 160 799 733
33 418 325 846 566 613 880 831 804 11 921 993 892 458 653 927 225 913 82 872 11 141 697 989 693 369 948 274 321 982 262 465 446 554 765 89 851 743 930 134 232 743 747 368 874 810 103 613 15 94 871 983 77 927 721 891 720 335 153 196 665 605 509 822 748 455 547 338 692 563 76 482 983 947 640 267 393 329 115 882 265 335 259 227 111 279 387 518 832 874 368 515 589 733 469 626 234 925 619 419
263 765 920 451 18 388 0 130 287 453 498 390 220 271 931 329 345 281 710 468 67 28 505 818 195 560 892 249 477 13 33 467 710 696 618 499 414 808 208 722 279 257 231 379 375 977 295 318 801 139 281 952 214 150 351 234 259 102 256 457 496 750 653 273 420 30 680 523 652 432 915 537 73 988 189 810 797 126 442 217 265 574 448 337 732 80 252 559 344 384 239 312 552 750 225 528 603 957 958 345
296 771 665 369 224 744 879 226 960 540 437 133 659 38 192 922 301 315 541 340 777 121 179 268 192 603 984 322 762 661 207 840 167 97 920 493 908 79 113 987 200 26 598 804 946 106 652 513 558 303 227 287 415 618 567 174 592 396 176 621 759 557 463 299 333 597 965 562 117 699 14 221 202 554 139 751 523 375 321 85 950 471 763 459 433 919 424 549 529 745 901 511 903 492 228 642 563 298 470 349
141 89 396 859 289 5 85 861 478 816 651 217 74 91 670 288 793 3 866 414 172 416 33 371 797 502 318 710 325 497 188 225 904 972 944 860 75 904 170 428 834 563 70 712 94 683 436 811 821 940 848 559 432 55 177 725 56 24 61 786 686 374 535 981 628 426 312 102 146 810 213 889 833 437 580 608 345 320 277 113 65 506 888 385 648 628 792 849 794 219 804 50 843 383 742 459 28 89 84 667
371 334 665 11 726 959 726 994 474 568 379 735 747 947 721 179 486 149 332 999 633 462 308 927 5 162 45 449 695 121 580 255 235 609 742 731 841 877 658 688 902 798 374 225 839 68 303 896 662 562 972 878 757 85 34 908 26 738 5 564 914 277 299 353 988 124 499 137 204 990 338 608 490 643 96 835 88 82 87 937 859 149 787 133 148 701 498 150 575 834 704 103 871 94 774 625 498 21 237 715
568 165 691 671 224 364 388 113 988 198 819 943 650 68 704 764 489 166 204 286 625 349 562 370 285 234 737 395 868 471 336 67 844 372 368 693 458 115 908 784 313 384 161 377 14 761 453 802 390 10 135 332 816 951 89 219 603 321 385 989 627 992 244 517 861 752 99 277 700 10 306 373 257 420 972 241 187 185 356 524 781 934 5 858 335 4 250 892 282 149 90 136 730 919 157 320 140 644 515 261
661 175 102 379 703 762 75 396 979 848 31 418 965 860 207 692 987 386 182 857 501 207 995 551 920 169 643 337 262 651 101 543 669 94 863 606 831 626 154 573 928 854 913 434 117 672 171 869 711 464 333 753 461 658 759 454 180 551 459 534 118 737 133 327 747 487 748 870 997 601 861 360 231 609 928 647 293 560 433 247 997 773 626 798 317 347 82 11 334 408 426 280 167 620 454 190 721 585 687 629
924 301 871 109 603 973 521 852 729 112 160 619 117 211 536 345 111 334 9 399 405 736 535 588 175 581 193 611 154 737 925 707 873 803 323 696 901 516 195 344 825 229 282 222 248 806 162 955 83 109 79 386 576 287 223 187 765 282 934 21 779 909 697 991 186 452 746 313 887 840 443 595 139 665 573 176 454 313 340 369 418 237 528 45 658 538 131 585 579 136 930 618 582 173 564 916 531 290 36 795
59 848 67 242 665 483 247 910 713 47 732 452 942 564 602 542 380 652 332 647 321 160 733 751 910 824 13 965 101 657 644 163 277 545 309 570 169 286 379 175 291 221 872 532 403 477 676 17 570 22 535 879 958 388 474 898 114 316 332 841 470 281 809 55 403 568 175 396 255 32 372 94 272 157 356 100 288 201 348 432 147 996 394 79 122 764 205 888 71 410 455 853 953 538 704 9 411 816 128 835
302 280 762 538 649 440 607 800 32 373 609 913 967 900 693 474 886 730 933 638 362 286 325 844 576 519 140 734 452 346 688 472 72 512 129 867 234 856 429 682 156 405 856 697 800 542 885 53 844 230 123 680 883 490 472 15 955 917 962 130 299 873 347 686 685 137 840 455 770 826 240 30 300 250 481 957 430 627 43 33 633 87 889 222 223 7 589 582 40 113 912 316 894 299 382 283 57 170 12 663