5000
12375413
21627169
17122346
-131889
-24947398
-10708550
-14635289
5350569
23485016
24599877
6766435
5203541
3248896
-10725735
-11061466
-8208413
9171571
16297161
-10121446
-15776673
7745129
7655728
17979827
12555424
4584892
16845642
15873007
-8539012
15996666
13236291
5394473
18076349
-21197216
16471236
-23435861
7318668
6387501
-20918694
8022591
-8986329
-19912493
12104344
18917189
6908722
-6354766
7243976
-23762072
-7766317
-1830843
5427948
-742883
1190477
19766373
8030253
18788726
-20280316
-21352659
-20433078
20283218
-16793040
-1581557
18903722
14353902
-14751275
-5794596
13690085
1400756
11777660
-12289875
6619865
10404086
5090264
-16725431
23864883
-20864181
20640785
13738539
-13928896
-6089811
22340916
15607713
-1360677
18291831
-14431283
-11020827
-20796005
23309976
-4227469
22682509
21844455
3671326
1820578
-16201913
-184369
17595227
-13816215
22750441
8668464
-12296682
4955149
-19156781
-10539732
-20476442
16549291
20023862
19166852
-7084092
20901490
3894433
23147941
-9018855
17576237
10656733
22942302
-7400754
24779119
-24388109
3785184
21269551
-9998592
15380109
-19371775
14095150
-9134330
-22051462
-16416493
-3707823
8458938
-18730345
17952034
22890343
-19929925
23367786
13955040
16497696
1147445
-5884235
-23257461
-9455145
-5187679
11288087
-22591514
16878097
24534567
5863310
11095089
16163845
-14144215
-17783616
17816108
-14428107
-6034743
12398912
22701909
14575040
-24785006
365117
13657887
13600753
11440355
-2125325
9456969
14631834
10942398
-24742402
-14088931
19208450
21701692
-18555395
16451801
5663353
23869352
-11759671
1457229
3713321
12971623
-11249873
14560583
10002360
-8146552
-7580339
-14563609
1242554
-11546454
7380141
3925086
-7328838
-24334124
24380000
16282702
-24217672
5457877
-11858215
4104500
21937645
-23168882
-12223349
-19064301
24276969
-5047760
16886639
19462152
-20588821
-9235418
-12847245
-13297460
-19275073
-14058318
-6011412
-23396583
11464866
10804534
-21344473
-3252696
-5979307
-12561717
-16785585
1178287
-21437744
-3667488
18239907
18542573
22321692
-9838097
15669473
-24794525
10727567
9135829
4519584
1882203
194971
-17185572
15283614
-9949880
-33191
-2042492
-18974788
-14522029
-23699209
-4322399
-1799842
-18270521
6677288
22776582
-20182165
-10022206
1802350
16394481
-14916194
9499361
18616702
11598363
-22626558
2944456
1712332
23344065
22140459
14249275
95109
-13052721
974973
-3410902
6422098
17106385
1408445
3650437
20520919
13605407
21780494
21063184
-18586929
22736443
-122504
7884655
23132354
11510428
-13134715
24545109
-14655933
691679
-1596875
19333085
-947978
20020222
8265500
13596607
-19559014
-12660843
13337787
1622744
817049
-8224064
10382861
14353511
19702628
-23388941
307380
14570903
-3631863
1167398
-5543126
13196942
19613987
-10979379
3086290
20880258
-13279133
-5511213
4812102
15201904
11478779
22595349
3905207
24403430
13544154
6641887
22537076
11401876
-16159116
12811837
-1790549
8181762
-24732380
-4842251
-4753865
14637134
-12646419
10523984
13182026
21521294
-13796953
-2705618
3176972
9176669
-18765195
10206182
24719098
-14968600
-8066069
12385241
1875739
10952199
7527055
23135883
15143964
3221699
12870728
10979431
-24190643
-11939260
-20926017
13905504
5730018
8556299
-22042054
11275111
12929322
-543763
18774486
13449155
8526676
1196883
6306760
8290808
3998856
-10815603
-5581623
19728537
18168625
-21662029
6922789
12505675
-5532056
-3544357
-14063902
12257252
-24345293
-22868264
5013785
17024436
-23233595
1374150
9714627
121285
17447310
-2702457
16564364
19620673
6218723
-5040307
22276860
262861
-8743086
3484776
-21141436
-24321144
-20354562
24236247
-5862974
959567
-16196678
18142191
17810806
22471385
6137951
-8431692
-5562441
-15725626
-2379799
-9299306
10620404
10797585
19442452
-23249950
11682749
-17847474
16482256
-18814526
15843497
-18298687
-2379967
-202296
-11490186
-1791069
-18938889
-18340072
-3751239
15983168
-7402922
-14742759
7611813
-23581540
7994710
-20945782
8221114
-16375786
8563343
12243242
18983334
879002
-22140017
7289989
-2999529
-9481972
9339289
-13520725
5820409
-10493137
16802026
21706038
-15803401
23459963
-16607251
-12564288
-21660467
9005618
4632376
-5398125
16410273
-521978
20319547
3454391
16677296
-12637041
8088881
9201944
-22197126
15388233
-6471064
3058535
-1410818
-20760986
-12797860
-10035505
-21158670
15330043
-22202768
22991785
13869642
19581835
839519
-18258103
24181141
-4108960
-23939359
9151849
18025710
-4441002
-24285316
24215495
3991837
-11038532
20832968
-5494689
5559455
-594409
15612693
-15362488
7429147
-24862656
-16323600
15432175
20977927
-11256509
-1883145
-20042415
11257823
18428254
-16405618
-11990510
6208386
6640590
5732232
21828437
23638503
13577649
4273249
-4213745
-13697683
23937031
16176233
7243876
14673549
-5686560
24066697
-15372286
-16593954
17696828
9405040
4435738
24717350
18159719
-9437362
13732297
10905435
10407343
-14236031
10437650
22774184
21103056
22894025
24597455
-13035385
12705194
-6992891
22351247
8229235
24004530
-4133193
16981805
20132341
-5173563
23335195
8492115
-16038889
1432524
-24241375
1664487
-10323206
-11510859
21551539
18560995
-15976786
4158643
-11707860
13048666
-8922048
16999935
-14076998
-11768841
2813680
18835599
-1987929
-9800739
-23956995
16578777
-4720740
-23031645
-23693670
-23284550
1398478
-15598485
-3169980
17423234
9303396
4890912
19824524
7070522
4771186
-15527089
9648718
9099481
-4239145
9285043
24551516
-20666970
15574241
7805972
-586946
4958443
6273294
16229299
13081527
-17364352
-10831875
-23703258
21814366
8135934
7449110
-7617667
-18846737
23790270
358157
-12038656
12090662
12150023
-3269026
-8400021
19855246
8401227
18224142
9007429
-12771251
-23549909
3582441
18714198
-1925256
13727027
-9352256
21709975
-23995464
12473288
2555301
-3652114
-4557845
10169178
-3680012
-10805628
3255109
8006654
8076545
-13311410
24621412
-12611147
-21680353
10858447
-16258676
-17200489
22194381
-12598508
7602055
-1025739
12950725
16011826
11734301
22265865
4000550
11631435
4053206
-4546074
3221997
-16912662
-7511811
10739135
-8622204
-6320025
-3765031
-20989730
17519188
-23078517
-9169965
-17463398
13344870
-13151408
-24675319
6535552
9386017
24839895
23130444
17723993
9972873
-9724768
16532646
-21753748
-10892081
2030274
24522562
11543474
9613585
-1823710
-18831372
9688552
10141165
-17198818
-20215344
-10794
19200400
-11117724
21011056
9639672
-10376522
-20268946
-9719677
20272897
21571456
65453
10629391
1102133
15687144
-19801252
-12120153
4160654
13500991
11329212
10481053
-12053235
-8445308
-10758064
-3368785
14347522
-5842588
9691494
-5603316
-5657102
20752855
6141483
-2604564
5543687
-17936065
335475
12335151
-4496260
-21171161
-11509229
3100515
5241819
24994909
21259748
-18325205
14042466
16400882
-1579571
20856330
4414836
-14703558
2007973
21187560
23811953
-2679871
16837891
-16565486
4958463
17251060
-18336466
-9517741
4931984
10334369
20937424
24520042
-9570027
-22329984
-19914296
-5961803
-9648331
-7136403
17376106
331815
10219
-16771303
-19760767
-12048144
-4705057
-17432859
7588749
22946639
20736982
13835163
14981847
-15953544
-6255118
9953922
-1416517
-16776443
-9773956
-8099040
-17623313
3252680
22165305
23008512
23168530
19907449
-20942516
21739706
16244821
11372449
11315178
-20617768
5504661
-13448761
-7079665
-23323843
-3822660
15583255
-7919104
3886034
13139570
-2608678
-15337690
-16283105
-5254724
16096820
20352521
11890967
5775160
5476051
4086533
21862146
-21187848
23450708
-14513090
-10876574
3166510
2001707
-14939834
-14668217
-16105629
-1444763
-8677681
21216300
-13368540
16354750
-16669498
3430608
16126121
-7931276
-11223419
8000227
16142661
11340010
3761390
9985364
-6409631
13448410
3263235
-17928290
24554928
-7833483
-9035454
-14231231
-17714084
14453032
-24429921
7053953
-23935672
-21203092
-1490353
19175633
5523088
-18250888
-5008337
-10415668
-18930998
-11553990
22085434
3390526
7766318
-8078087
20764846
-11293565
-8300530
21086305
-19280516
-7527858
-5310682
501545
20533057
14718099
23738471
-22011544
-14223145
16727854
-17409309
-19446451
13930383
-2821573
15784670
1276549
2366279
12329212
18559076
-5399052
-22522861
9393548
-8651654
-10822943
3916362
-19855642
16362975
24872709
-694609
7633014
-3598330
-22741890
19069299
-13800390
8733547
8097937
-12635366
562783
-16736150
8791548
20437161
2534631
20972257
3263809
-18006359
-24484548
-484374
-92993
12605855
-18510231
14555633
-16564367
-4852641
22098521
18609166
-3674064
-23876205
-19487740
21585182
15388699
23355124
23865761
3683064
3143840
-4673817
-19667420
-13515750
2730773
13444879
-17313267
-11088086
-23196504
4065362
-15232472
-836214
-57493
13421291
13084537
-17816585
3400909
5628731
-8544032
-12733146
-7184378
18077381
-12033964
7110751
21970777
-7409556
-12592389
6974141
-18147626
3977600
-7124849
10436423
21571400
23851567
-7171584
-17062375
-23338940
14031202
21784853
11462127
4919121
17577854
12752137
4370271
-14620170
-2065265
-6333342
7904644
-11960742
23328844
-6815728
-15240033
6899155
11598906
-14132559
10066459
-17639853
-1778171
-10486528
-14859672
1037268
712591
-17940460
-2174105
-13809790
-668896
2592385
1090940
-4407126
5146912
-19477646
14369707
8843877
4993841
7347732
237768
-19674757
8595764
-3269080
-963958
23923785
4502966
-6065117
-16476471
-14206673
-16884817
-21462732
-15027507
12984125
7761957
-24422523
3439231
-482270
11644524
-14575141
-20793470
10518314
-10073758
-6819939
11048726
20342349
17575718
-12688230
7892345
17806490
3814565
916090
-23094686
-20748826
10629673
4741215
-1235618
-23509092
15477429
-13783457
21534301
-18222292
23536010
-12967433
-21924973
-4206164
-7380108
13106814
12830916
4569434
2083123
-10148024
22199352
-5431018
3141202
14719453
15399001
-9584297
10682194
3693692
-18651934
-7808804
11042537
-9282961
6978762
7199093
-23368047
-19278681
-22645549
-21979258
1813095
1948322
9040300
427981
-11109443
22428821
11982303
-22106326
-9894966
-9745111
2722457
-20531096
-519147
-21677089
-9276634
-11037412
3716737
7336331
1109971
20910220
14342213
-16651321
-9191286
-13216263
-20131524
4343104
-4264830
7818971
5053804
-4124067
-5838118
-13101427
10752363
9810174
-22243661
-24865200
5811676
-3228629
-19321576
5712380
-22262851
12505327
-24689331
-4572696
-24028765
-23120838
17710342
7719626
24993672
-6983827
-21517644
-5704378
4611347
-18555769
-11321472
-6535584
-13860393
-2743437
-4440496
9547453
1693651
-20836668
-2160131
19229100
21093007
-9176117
-6283460
14670679
-24433428
-9411434
8150912
-18054635
1657907
20397590
18173070
-23163114
-16961991
20381410
-14187499
-22010686
11632761
13015543
7825299
-12962369
-7606423
24866260
7287226
4308132
-3868354
9291922
13995192
-16444888
-23788134
-3869029
-20981271
23573817
-10334543
-18918431
-665704
10147351
8162621
-21960337
7153054
9405106
9865261
21536990
17637714
9213756
-11728840
-13158359
-14573594
-9241803
-13555939
-7429810
22914691
13678107
-3661967
-14197762
1835522
21226747
8536657
14408408
-6460968
-8725351
1593373
-404200
-19266501
-19473064
16378861
19599253
12171429
-23043560
-3952887
665149
-5173308
8593097
-19137512
23420192
2172369
-4143414
-17771455
23073469
-8963028
-15709996
-1134484
-1763005
22111050
8641675
-1783721
-9659379
2235784
-21136782
4246046
3107549
-23389306
18754213
9500631
-9121595
-17188267
-14730539
15803491
12110778
17834894
-6328094
-329788
-16530035
19711083
10778912
22743498
-10678406
7815618
-2082160
8629868
-19021065
13998201
10463187
-1628564
-15750972
17409132
-21643623
2484749
-2908177
7310656
1038239
-7636531
8308210
-2289606
17939563
-945545
1072479
24092466
14984083
15608459
-8097092
5053095
-4882234
-19761425
22365065
9619791
-9604449
3525911
-13667862
10898177
-16105316
7525002
-20682057
-4766650
-1732890
14109348
-8852493
-4617224
251602
-1530727
-20544645
7784711
-6288333
-20199879
-8203346
-23691563
16362002
10759570
-23228481
-13275544
-3328981
-9770873
17831535
7309380
-8273041
925840
-6119566
5224612
1006370
-370764
2013580
-169535
-8847389
11193646
-1584029
18513237
-11954475
-11925140
24443284
-21169785
-17093052
-19310298
-1159137
-8485191
11153103
9118197
-13658572
-9682355
13441920
21056628
18257789
4635980
1754391
24607681
-10772842
18665557
14693466
-2991438
-21493610
22341270
-4771087
10922894
19376405
-24377634
21455692
4624889
-8367900
7518020
6384149
-1716583
13262911
3287141
11316286
22941303
-21182492
-9018684
16388264
1316726
21156276
7608762
-10415589
-21437211
16782692
4949742
6371446
22377600
23076073
-8455071
-3033512
4750414
-21180230
16036963
-15431531
-22897986
8601302
-3015947
-13686704
-1781503
-4940884
-18471787
-7513903
3823407
8933495
-9841498
-17206283
-10029353
18319693
3813088
20790172
23245841
-22722708
-11623260
852285
-4102373
7756858
-8333876
19140202
-10573337
-5749081
24078092
6548816
-24912830
-14448468
-23366265
-5536353
22225948
-6281328
9214272
-10659999
6833454
-20331980
-6830234
-18742391
14628062
-9877335
10761004
-5370707
1624189
-2843975
-8599202
-20942094
-5737015
-4245243
-1279353
2473122
15443030
-9815323
13670842
-5654844
-8064822
2843851
21886633
-21032423
-4018976
-20603
-7601074
-6728125
7299760
20694855
-14432231
21251975
-15894579
-10526914
-11043282
18577821
9107525
-17880870
11224222
-19225039
21995853
22036830
-7483988
17270638
-22149879
20020185
-12714170
4332413
11830884
-839388
4020617
7041270
5047829
-10130884
22404823
-21010397
-17218614
-10797811
10276584
-10351335
22723738
-7510872
12329533
5929334
-13411745
-4851178
19952485
-20210101
-18201961
5142825
18365596
8323899
3960454
7895880
-2650698
-5101653
-14672162
-20384006
-23882544
960838
-12306433
13066513
6440990
-16860853
-8325762
3526498
-8795854
19236304
-7931738
-15032886
10796434
-5094664
-3157454
-3424443
-16948778
4506725
-15292704
11586678
5682382
7701298
-24932300
-17504069
-2465626
-18311941
5795016
20696717
-21919184
22151948
17519814
2506475
18661765
-21834608
-11915268
-15684255
-23044902
-15342776
11048137
4190386
-10744905
8061757
-21055324
-24283820
12721636
21830924
19346391
-1539741
-13518648
-17615104
-155343
17842576
-14808949
-1258841
-1066388
-6583842
893138
-19802364
-9467861
-247069
2344130
-4022480
445682
-5947803
-23283510
14561787
-8694652
7631042
-18179397
-12473200
-5379541
23393997
18458587
5516910
-2668418
22620624
3756621
24351520
-5225706
703449
-12658332
-17665244
9215365
20695919
-2692710
24677237
-7684576
-5079394
4231779
19668574
8422607
21757461
19125085
-13704794
-23153745
18277575
-17383925
9892478
23999689
23159849
5525576
-13284652
-8360344
23954552
12764437
1450659
24383989
4674140
-23590424
1312987
14659536
1541618
10423341
14828690
-12588737
-4990626
11762155
4749762
21744906
-22960747
-2753638
21384742
-21600738
-12847971
4104193
-2137003
-20731088
7163380
3670655
4054007
15004549
18864142
-24648170
-3385555
20177873
-24373681
15695100
10260812
-17068518
20856630
-24706753
12641283
-6488971
-22081209
-19990962
-18119011
-13665880
-20703606
23883942
6836881
-18484580
2866312
13147572
21960436
913486
9140833
-16683915
-20512373
-5149641
-10098561
-2818253
-7779392
-23996516
-2644431
11308438
20795393
1189787
-11191104
19650817
-13215056
4314273
-23498658
-3181720
-24111725
-23253995
9605078
2873713
-24519529
-17857010
-2776796
-13471123
24972517
8279437
21833774
-2461414
-12861764
-19283430
-21608607
20700958
-13962961
17310233
11207473
-9589547
18030042
-1325117
8072638
11637799
21155459
-8389647
-15786356
5691201
22525223
-15354423
12098998
-22477393
-19985923
-18951968
12259296
20214430
16308407
-18732880
-17164386
22344636
22627154
-21627439
-2790771
8941170
-20830290
24816982
-829799
15078822
-2201607
-6892062
8613777
-5525290
18106799
11090888
3788237
2213391
-6326634
22967279
6718253
8870117
22929346
16532002
-10996346
15326940
21180439
19311166
-7475491
-18909797
-6542726
-16823037
-20607450
-20230081
9474619
13862837
-7216702
14657481
-23534346
24131467
7468088
21338476
17440151
-5865178
-17107193
4417285
1031800
-7375712
-15584192
-6076811
2259795
-14954096
1541063
18341128
-451134
-1034504
24415289
-18904849
14368907
6882288
12760731
-15141457
7292473
-6920002
-3378452
-10378570
-11284613
3843857
10000090
-20756038
-6692411
14130756
747737
-5458101
-9500810
10379776
16429966
3794523
8639195
9586368
-10704860
3556150
9895358
23601319
3830408
-16588631
6635899
-13948578
5221053
-14490878
14447547
-13311853
-24711427
-5416635
-13629265
-2390456
-10953997
-639847
22513273
18271376
-9298103
22187942
7624197
-19828154
-24384401
13129039
9298167
-18000836
2841937
14169089
7535530
-4379234
-2544044
-20217462
-7412852
-15795419
-36815
8691153
14249590
-11789822
7985531
-22336035
23622804
-509032
-10203586
-18380558
13842182
-18835629
-16828837
17889646
-3666227
-7930187
6281250
15367818
-6115529
-7892803
20931952
4723512
22985720
15701368
-886798
-363266
8209485
16051963
2973592
-6173219
14232190
20506034
-23003784
-22833846
22646359
5354849
10110562
9303095
-14714155
-11962068
23565137
-16866771
15375431
18996156
24286856
3133795
23828001
9952291
-7164685
-9534283
14339515
7088138
10898067
-24520049
-11727371
20239672
10705433
23548221
14096976
-16651204
-5545520
-17429160
21517375
20969632
-7612748
18336148
-20831845
-18994992
20243286
15978924
6959250
21978155
5081972
-19153461
-6457941
12798722
14348080
-21010437
16414512
20979406
808733
23257194
-1783352
-12492126
4487265
-17855948
-15392033
-23483735
13893525
-22593314
19649415
11562341
20206118
-23062951
18583452
15994297
-13384146
19405798
1608904
-19049293
-1034360
17822992
14709004
1856391
8506467
17361360
-22993835
5051528
6937891
473906
-19108409
6715869
-17866292
18117570
7540063
-3802715
9354192
9009501
-8517633
-14756801
8728180
-22348111
-7888517
17836599
21329508
20396908
-23227964
3144923
-12736913
2547762
1182868
19942282
2380659
10463804
-2986234
7985740
-16451811
21360256
4001407
12125904
-19862113
4556439
-5421626
-11580382
21515094
-12066454
4428632
-22911452
-5603015
-2613834
-18359896
2606352
2923431
-8634296
-2777473
-3686249
711508
21872405
5526883
13109558
15589324
-1138759
-7211559
-20609872
24291038
-14050691
-20664791
-3330096
-3896196
24554322
-12350904
12993935
-19991907
4356462
-19894688
-20828259
8073515
-21308135
21321504
8395961
-9031724
24683488
-16252062
14876920
-4092343
23576515
-7981149
-13985045
-11758723
-24299986
-17725768
-13324216
-9166627
15891848
21536580
6276645
-13232002
-9811755
-10871421
10565785
-16401664
-17241272
5984744
-5157337
-15262931
-6353832
-2401741
23566968
-13739609
-6949215
13240235
-2980357
-24449100
22130921
-2858718
15905835
-9886697
2911520
8482471
-24285477
18930458
18320254
-16571374
-4596211
17280090
-24026688
-2839438
-10883756
7819882
-1171334
17403743
-7114731
14563285
-14244281
-202375
-16790453
-6301257
13905274
5139851
-22738512
978256
-6548118
24754563
20190492
-12540221
10254588
-13875116
-6297549
-6249434
-19369256
-8836658
8856477
6705774
-11585944
16635327
-9721919
24330102
-14419045
2562573
-16236243
21485606
-16517986
-9252914
12431725
647041
-4645034
7456357
14795181
-2666705
-11068266
-2792908
1208028
22771669
6220982
-263733
478575
18565691
-11761866
-17055991
-17974499
14848427
-21541890
20365678
2189137
-17334676
-16452735
11179494
1149229
-5879609
-15480456
-16120555
-16882212
-13657300
-3623907
-19224118
-7503759
-22295204
-12677162
-5456550
17104812
-22201770
-3670297
21369156
-20181169
8423652
14955313
11084808
-24515208
13677789
-8843249
-3287610
11091968
-22363055
-4462928
-6084671
18027495
-11883664
13557948
4766401
-7900224
9175471
-18692872
-4325211
-12186249
-19947711
-10910697
-10134673
1395575
445099
-17759975
-2226222
6242853
18694683
-9160804
-20772730
-6481276
-17911046
15546846
18765485
-7289990
-2537543
10694702
12471439
-22036361
12807153
-2212524
-19519157
15805628
-22539237
-12251613
-20620095
-10853152
7556436
-22556326
-17070659
21491102
-24345087
8555404
24766541
-5665651
89985
-15310767
39692
6437763
18382973
15469536
17397284
11797748
-8690198
-24603396
10938540
-2430511
19792463
-12943610
19637319
23480768
-6164312
-7288851
6597
7264812
-16391540
-940301
-1065189
-12303288
-22139880
-16373070
23686416
16251008
-17090145
-17263832
-7136189
-1466451
15780304
-568864
17620024
-12226777
-14344990
-18966324
-15419334
22337617
5390192
-6316906
-504174
-22935842
1809846
6810415
-5645615
-4499954
-17193645
-15551427
2655413
7943764
-16451194
-7498271
-14274111
-23969714
10754421
-12657020
3577642
9756043
16783120
-23853725
3887893
-16426367
7532793
-12595010
6789185
-4638673
-5563634
6864095
12825758
-12197988
-16869518
2668980
-23125380
14925365
24563873
-3129348
10886866
-3950295
14272545
3186370
8444653
23461281
5080755
9920046
-10015257
-1721425
-11294753
16589738
2018802
23312029
2456033
-175377
-19445504
4243916
14795201
-9077808
-5468635
-10595145
-24978770
23993058
-23936321
942260
-3377186
-10146600
-186719
5879826
-9372892
-4199477
-23533587
-11116232
1456113
-17472063
20483498
-11403250
-7298378
5426611
3492878
22612747
22420247
-16489391
-18343920
2846628
-20154708
14513728
10345978
8305859
-2885517
-2369296
-24869837
8641680
-22660713
-3517989
-3971525
15279486
2122690
-17497608
1838467
-9772646
-14893236
9104916
-17348533
17904723
15123324
-11864966
-3144084
-5071904
4341125
16957746
-13457707
-15631410
12429313
-3081382
-8015393
16510620
17336978
-1782949
-3903032
7109086
4507421
16507422
-16234658
17996403
-4329641
-7175268
-13455520
-20025898
11499461
-19795989
11474059
-14800771
-21411857
-11734476
12505982
-11684669
-24140859
-11248644
12723303
16710257
-7342188
-9582119
-21035267
5156737
-13911590
15761573
21212366
5420669
-20502597
4517854
22942508
-21094361
11405424
19729381
10719932
-6400659
339574
-10344937
-2765637
-2701409
-23409447
-8118187
8428635
-862886
-19516314
-23656937
-19219554
-836211
9412635
-21330724
15651478
3585621
10493747
4386710
-10548727
-10910460
12542688
3608605
6907992
4908786
-3387634
6123811
-24523302
-18018393
-17738498
7568419
-1206195
-16141238
2545591
-6093359
12975756
11204078
16516993
-9575289
15119703
-24224002
6989246
4827619
-326950
-15254653
9981127
-2951423
21008034
-24171873
13866375
-5643113
-6588108
-17981286
5278107
-3369608
6056652
21730969
7747070
17325577
-24313775
-4533258
-8594886
1447028
-8124389
-2084733
2549258
21921683
21618197
-9494006
-9306481
-20552600
12068628
-4930965
14267006
-11324725
7100293
-17284931
-21064446
-2837355
19927659
24563789
10115776
24648571
-6884769
12904614
-10843473
-8224910
3580655
-19084801
12849988
16244787
-21542993
24191415
-10261515
-5347039
9370883
-19457782
-12047993
-23242217
7196088
13059443
430379
5502039
10134607
9418975
7288259
23342856
-7248293
-8397168
14530098
-1658417
17795414
-14415576
22397918
-23877564
10350965
-8243457
-16668204
3970997
-16241261
-14225833
-6658972
15702998
2656006
-551268
-24009607
12877212
-19669451
-5385955
4304391
1558075
19763061
-22822229
14966557
-18131785
-866591
-20386264
-10486036
8696256
-19383645
-9186329
24023383
-13022178
-8614900
-10491596
23449372
17872582
-23206503
-11383951
9301995
-7385660
22210421
8981010
17999043
-3578080
-5281586
9727380
-22153967
-14314125
8428581
19411047
18012306
23137661
12298440
-12027977
3578522
15617643
-4382133
15529702
1989026
5737228
-22757422
-364460
-1645358
17945067
-13249216
-18636795
-682103
-11852399
999359
-16882190
11083714
16714500
10312050
-13309949
4347653
-14217950
-15821273
-6455363
12149800
14406029
-23232297
-21171912
-24732326
-13794692
-2198636
-24114279
-320618
-21586923
10929882
-17168271
-2745285
-13736205
11627022
-21435234
-9628239
-2425119
-14373632
-24946024
-15328865
-11644792
-14590517
14698432
9686516
310771
-16672668
-23702195
-12174389
608389
8624369
-7203529
6438915
-22926771
-21620099
12582997
3969525
23414489
-632135
-12850666
-4856298
-14134938
6683823
-4095181
2217719
-6832371
10863095
-180081
-19912522
6747283
21318289
-18227229
-24844318
-15875249
-16126499
-1205408
3996545
-12930730
-5858428
-43097
-22122025
-3496441
13060109
24070993
-5211293
-6866590
1392813
-4818515
-17116107
24044024
-404760
-8042729
23207016
23477034
4910273
23806073
6671385
14504663
-12519287
-8481114
14447676
8507413
21210327
6078328
4290099
1851598
-7359212
-2685836
18199728
4585309
-16413549
-8099745
4272917
24410962
-15728642
23640143
-2195047
7612829
-23883888
-15915692
16774815
-9318391
-8063975
-18956547
-17847957
4361017
-16434246
-23321352
4214478
-14932572
17123206
14491882
24588557
-22377314
10509226
-5629439
293231
-18018219
-5219106
17937108
-24507378
-20921351
1981757
3298584
15457572
-17305015
12684354
23796054
14205675
6270129
1001120
24058555
13388551
-21603596
-255930
-1233934
-8428612
15166874
-1073715
24929081
-6714157
-9037860
18099686
8132300
12462103
-5905431
-7688303
1650231
-11098265
14900796
-1653088
-9176829
-12168065
-16820997
-16408315
12696166
13699852
13637440
-9414120
24457057
16676663
-15230300
-12527027
22944348
9066308
18064650
-23896669
21192152
2878615
-13256840
-22200827
10126357
8055496
-5148188
-348735
9530482
-14021038
18849457
15836481
-3636997
15383287
-13965877
9894318
24304878
-17076783
-14822052
11226620
5209548
19804719
12047903
10066213
2933947
-419007
-530773
-16747582
-16483857
-21510834
20155337
24065991
19397452
-7008762
-3880455
23771615
-22841425
12101623
13220554
7767675
17980123
8527738
-938797
1717204
19850395
22800959
19222876
-15926230
5642540
-124618
-11831906
15021131
-1111641
-18161970
-4106217
-23612567
15830711
1676946
-134775
-14454637
-16413731
-13400606
-8864878
6041315
-9176376
19783465
21439028
-21628235
-5736258
-12737493
7735743
-12796746
-5297338
2410273
18246497
21681810
-4256485
-14669301
15215818
5132987
5358116
-9604544
2609878
8640760
15321071
-19865794
177632
12559422
22097455
-5267889
-17059097
481628
-12763603
2675191
-818594
6380728
-7607385
18019888
-14106421
-24933070
-23638069
15851111
14810028
-6619968
17139638
-24035160
-4681532
21478086
-11408468
-788027
5643917
5500012
11461128
19732238
5187246
18190812
8989516
7494361
15720243
-14310583
-5394167
-16120395
-18725690
24531630
-20678396
-17745885
24966857
17027471
-21771133
-13134232
4289194
2723627
24437119
15148887
3771056
14507005
585428
-15770154
16501121
14356231
9815737
3699545
-1032111
-2114518
14088193
2440891
14020499
-7495841
22487944
5990593
22391212
9898254
-22700356
-24795839
5461097
17482325
9576801
15278398
-10941573
9885523
-24002017
3290997
18249219
-23274236
19922778
-22079710
6062892
21312241
-9038819
15680241
-7394616
-240330
15993239
-23635988
873680
15906287
9911715
8388828
-14556564
1880712
-6766385
7462697
19539527
-2761727
-10525444
19390939
423983
24232957
-15312210
11288730
-20069797
10307030
20171418
-18384403
13358248
-18475261
10450326
-2757875
2962703
11167903
21377998
17708258
-23457023
-18192298
-11614791
-2368459
18905014
-24064368
-669519
14554809
-17429390
-23812027
4834961
12177714
-8348092
-6464715
8751470
-3989055
12251208
-24468161
2496307
6829935
11624450
4672451
10750038
7298353
4588252
9377641
-11994237
-5651060
-19544039
-12330410
-19573875
-724468
5502714
525357
5919720
12731824
-16146937
16843014
-24514076
-511650
-97525
-4867019
3718120
-21257770
-19527932
-17006297
14963689
-5177037
-2226731
-10560620
9990917
2430863
-16328405
-10451937
-18916193
-3129475
-3942336
6086855
18043289
-15472627
12929868
-20018459
9098847
19901019
20761847
-19440571
-18325000
16126550
12615564
21019646
-12842119
20408193
-24954086
-21992044
-18072541
-8508531
-24045669
7007807
1826285
-3405452
19413951
18182800
21575671
16016581
2678672
2995261
-9396063
-9045350
-5558451
-15950806
-8325840
2766208
23799724
15958551
11558482
-5079066
11034133
8817100
-17019618
24912639
-23681298
23837139
7207398
1753623
-22718502
14582723
2384949
-19336362
-17379396
14592337
-4083806
14049857
-20739430
-3551260
-9886579
19747067
-16594130
18082266
-7777653
-7233414
14955491
15720349
-3314999
3566370
4345485
9391673
21608469
-15912637
-8550527
12006524
5457336
-7862770
-972576
1913646
-4724154
20576812
-14024598
-5177953
13735083
13095949
-24389688
-15059702
-16665954
4849211
13132999
2624302
-1494363
2350983
845130
16811415
-13484936
17951866
-8405247
15213796
-15042853
-14401648
2152137
-21358973
22408137
-7110176
17974254
-6702414
14214165
-4385921
-15864999
-21221036
-9977568
2346924
-23827106
-5463392
8771664
13583822
-20652817
4126397
-7843726
5015193
7386302
16835789
15433370
-23278818
-14113964
-5742515
8242232
-361942
491459
12505469
-24457523
8813628
-8043502
-15322507
-6575326
-17665625
-2586090
-4154742
20121695
7312726
-4273867
12719967
-4285790
9354035
-12398130
21158713
1178089
-18691479
-16960250
-2068758
13604683
12468355
-1942478
4941954
3212049
10316348
-11792344
20686954
-17996212
-1283232
10055353
-10423894
20122619
-3370469
-21763514
6208804
-14609575
16495400
-23888067
1437289
-8830089
8501924
9004701
9843547
-15710940
19666335
-3878422
-18920665
14119312
-10272678
18079395
1933711
-8401693
-22439783
23900785
-11925879
-14243894
12014544
6465443
8108326
19126718
1726956
-11158530
-3595074
22257373
-18849974
17597347
24084678
6117548
6393066
10768288
9682688
-19803412
6602461
-18238669
-19897241
-21536346
13213974
-4347106
8545714
-10805231
-17871679
-18432359
17276465
5637372
-16878358
22977799
17562402
-2271254
15162365
-4547303
-1624120
-14970044
-6996393
7310571
14442955
-5339547
-12400226
12586174
-21860966
-22931013
-2963100
-38214
-17273754
3959034
-16603294
-3262877
9995845
20798886
18798025
-15389533
-2457868
-8638350
22919729
-6086444
11998397
-4840686
-3434996
15767554
14135731
-16827774
-24965056
1355931
15955183
-14059632
-12607593
-347268
12192980
24291890
-7681625
10442306
15863879
-24372201
-7486140
6476726
17157869
7166534
23841395
-11682569
-2759335
11384518
-12018047
21763516
3930720
5551897
22910565
-17985770
-12889773
24090051
20312174
-5716359
23095448
-3167780
23450443
19966807
-22965957
20680968
9006603
21785877
-8433374
8743974
9544142
10703955
3480510
-16644281
-6253412
-3085668
23847790
-8556997
1755687
-20168138
-3682082
-16752427
-6473112
-22248788
20190272
-21728572
22425211
-14596715
-11970198
-19621823
-12457496
13102929
-21020285
23034734
12346858
-5968342
-22822645
-2452948
4442683
21476900
23159931
-22944483
21750805
13496691
-23159624
2277998
-6716994
-4424999
-13194691
996232
-16833561
20667224
-2665636
15480311
22965722
14847875
-21694668
20699231
24776535
23762614
23255757
-1396683
8756075
-13811551
-3798530
21441213
6724240
5445775
-3991139
24714929
-5263023
1300738
12000319
5278786
-18328069
-5737599
-13503233
5030197
-24089165
-7087726
9988422
1850210
23597975
12033569
22211737
-8124720
-9231435
-11500597
-24930988
22498982
-9273674
-18521877
-2229483
5680068
23221143
-443387
-6700558
10562355
-7704780
-19600837
20553758
12837230
24566140
-12909620
-18740745
6865701
-16333096
17055577
8808380
3703321
3351107
-1724865
19788395
6864260
-11225808
-3594453
5342
21722505
-11023288
-20673810
5672647
-6775164
5376763
-1490122
8988603
-11741147
-21469780
-18679749
7057642
7115318
-24037042
934412
-12265024
20511672
-2641484
22151191
2284069
11507595
5774314
-9653965
-16791625
-1287013
4691023
-3634309
-5852125
17451191
-13310273
15906256
-8094124
1815596
24551271
-3423064
-3414357
-12030970
-273485
2328921
-17539533
1056261
3101777
18000401
3335480
-22653347
-15002066
-23306938
2740362
-22583305
-14459842
24276723
-15494256
-8377000
19121477
13497747
-9051810
23630676
21117814
-18040340
13533812
-15988928
-20637998
16537412
-23430875
-12376036
14414374
-19757954
7564046
4386021
-20651232
24765945
-4214843
20029594
14690724
-23772192
-16594182
12773913
12010554
-19138278
-11284948
2997960
18625328
-8268820
6911032
-12586996
6400511
-24717125
7694119
-13946477
-19371254
-2045034
-8148784
-7233145
13795109
23449394
-3305741
11564364
16431275
-9288484
-12067722
-20244112
-5870985
23354340
23067926
-14225788
3491566
-10523850
1932275
17893669
5091928
3174277
-13379878
15256092
18244607
-14464149
-9614257
12630822
-15373621
14156121
6223452
14131499
-2452073
-3489477
-1242725
6393801
7914729
-21981699
-18765515
16241330
4533549
-3158547
21342637
-3700963
17929443
-16040836
-16131055
20270987
-6336747
-3863181
8921438
-8075639
-1649401
14800450
5961594
2454468
-13665156
1595124
-477753
3259257
8063650
9063436
1937985
-22724846
9488063
-1199222
7207961
22618492
-402935
-8325876
2859483
473264
-16758335
10690945
-11639880
-16749525
6831639
15321084
22326648
9285443
-23333094
-4885244
-6032432
13489559
-19765317
-10700909
-9219101
7747477
15548928
21302806
-4941043
-18680395
3496053
2975227
-16822321
20470112
19903467
19067483
11810974
-5871336
1751202
-13749547
-4326078
-23010872
18277336
-16551827
-16317304
12659654
1440329
-2288881
20622829
-3986241
4268476
15236804
1592351
-12051106
-9904132
13448425
22040470
-4811028
-16980121
24460484
-17930436
3294258
21615167
-3460122
21977210
5266437
2513266
-7109993
-11652992
12764155
-21489890
3197983
-17465760
15416453
24440834
-8021561
20212223
21786509
-19383605
3121245
-18692853
-7162191
-24320023
24045197
2051128
13259249
-23617124
20228784
5374243
-18544958
22027012
-8377999
-13891215
2290718
-20819112
17379663
-19626039
-3262542
-13529037
3416258
-14853613
-16449679
-15635890
-17141327
-7496351
-23929507
7702564
11175897
-11491940
23117428
18236202
-24746039
-10427423
4898633
18153337
14231755
2614281
22569970
19488749
-16282039
3883560
7284481
12515764
-18108035
15737143
11888108
-7910803
5243521
11235564
-17938830
-13395522
-1525235
10315545
2200136
-7025143
22756825
-16526302
17821304
6541547
980635
-19443316
-9793022
6720724
7256814
-11781160
21773051
-22950576
6210151
9137381
-10050867
-10234618
-17196010
2248708
-22246999
24532697
2861905
-3965443
-22527855
-7878470
5615541
8981295
-22540957
24940333
-18553111
11512950
-5238564
-10061585
12372440
-13076225
20396511
5758057
9792976
-8971578
-6491887
-21838724
-11323418
-24436243
-19741051
18673125
18964091
9838684
10879045
21106139
-3713569
17295788
-21199513
21226056
7562543
2667439
15112951
1722267
-18998447
699773
-24073994
16999340
-21902359
-9733355
273834
20743864
18457403
6834635
-10323017
-5713625
13740869
9191076
4972405
16775567
-16259406
24591724
10856115
2298148
-9224393
-16200981
-1842562
20776856
23102249
-18647097
3653901
-10848899
7712462
-1464621
7375871
-15294999
-3189176
-6325756
-243496
-15906797
-9897584
1508773
-24936365
23409936
289922
-15484915
-24784278
-12870544
-4838300
-8407330
-17634730
12095355
-12676618
-12975080
12485461
7970818
16811323
-12185197
-14053341
22202533
-22457665
-19850851
18897090
21744738
11612744
-13877268
-11968599
-5077977
24458763
-20028018
22475551
-4933375
-15565429
-4120798
1673151
7231821
24528089
12446179
-22991774
-18739478
-16416703
-13972018
615156
6509579
23987632
16558546
-23172281
-4312458
11049917
24405052
-7106322
-16003980
-17272416
2553970
-18449133
-15046734
7611682
-21681103
-13202809
-10832811
21483684
5293698
-12329308
-9810282
-5882882
12298644
2660783
16444180
10351768
-19746360
8442729
-20634856
-14193424
-20313863
13619236
16514352
4533993
-12612489
22757105
20054197
-15704987
17343858
8872106
-24946290
12078304
13479530
-12660959
6880601
-10671666
-8280115
24620139
21209191
648987
12841036
-15223163
3289598
23357289
-14574563
-12607540
-13311012
-11102238
-14616461
10335773
5796277
-9037677
-11471467
23189444
-21958554
13934733
-9963486
5419272
-4775829
-19438208
-8257007
-20127825
-20860175
21421592
-12383019
3111414
5637587
-40397
20780181
2115845
-6368117
-19366499
12233537
3716156
-2034460
19909300
-14670362
18157063
-5891444
24995050
11068117
6156434
23911474
-17991916
-21924172
9091387
-1450230
15290086
-15702406
17945867
24291819
11300612
4395968
15647399
-16094007
7968860
-19362989
6868006
10740308
7314023
6754873
11729384
-6882420
8267693
-8296110
162776
3728785
9812377
223903
-16867854
3605095
-3120549
-13689284
-4770880
-5506325
10586559
-19039299
22131740
18345763
3525593
-20438356
15347501
-9337992
-22165686
2824025
7331271
1237532
21586137
-5189838
14996679
14272288
3461631
-17583246
11794532
-6759823
24338732
-11961147
-9356219
15304194
2913052
-19637398
13737392
-9933818
-23834552
-10659228
2412368
-10105
-15833153
-3846276
-1680566
2008159
-16494729
13522243
-17785286
2752379
16407372
-3932625
-9716734
-19556333
9372619
23925243
7142647
-9997786
10227224
-6140142
-24856537
-10537304
-483817
-23011057
-4845058
-2452295
15316919
-18172454
-9567290
-1837009
-9175749
281318
-10503440
13493541
-24588343
-17658625
-7929315
432413
21490728
-12011481
5767017
14939388
-24797960
-15957847
1832805
3271356
22755587
-14799887
-19068425
3987809
-1780046
-1264822
4838958
7305590
-10802692
-12050329
-24526288
-17822096
-24001219
-24228271
11691239
-23322276
-1910468
9051722
-13071872
-8873947
-18429185
1789724
-19967990
2031244
6854557
-18289766
-6488514
-2761296
13092840
-14795925
-10739344
-9525970
156138
16883586
-207882
5116806
-24104029
11444901
24943036
17089072
20442359
7190970
-703767
12461986
-18132338
-15107219
-566369
20718998
1297280
4089292
-8150144
-8849683
22114025
-14293249
-3299459
-4034138
-19831898
3900330
22133251
-8490280
-19776309
-17399746
19212749
-21006767
23689015
9999681
7021765
-15884805
979611
-18425567
-24218247
11644630
9108686
-5160945
-4316307
-620155
-22506509
-7429976
-4836419
-3038224
7276602
-2207513
20941424
-15996452
18354219
23110338
-6639995
-10550614
-4816955
-21173745
-51297
-3004360
14311650
8433315
11865381
12842105
12978220
-4697000
13772970
-3132019
2871015
-9681564
-5260613
-5277153
3307538
5205225
7041631
2274970
15023057
22320695
-6527630
12598078
-16263251
171475
9233118
7431204
-13341170
10209200
-14360986
-24421324
-8360324
-7427622
13932149
-2846645
6625729
3786112
22332980
-24324630
7973673
7841588
11401624
7190491
3797053
23295600
19090760
-8041835
-21946900
1218576
5696009
-11851007
-8931294
16085035
-573671
-2137651
10353885
12350625
-11741109
-10859825
24200197
-20565823
1183275
-22230980
-15336015
13194293
-19771696
-14701364
1386286
22586031
13097117
24521426
7872244
6366261
19301296
-17818531
-14080929
11281879
-16198976
-14558852
6080714
-7725048
4378103
10440253
-20486809
22490020
9509969
554641
18146049
-8930200
11799470
19275104
-9472779
8192805
-23524828
3539496
-18341687
8632604
-2473495
15602759
18067295
8792124
15571879
-19532932
13121459
6174583
5276748
9702445
21783739
-7755140
-13056722
24072005
3549600
-22182258
8059460
6925245
56073
15743021
23255828
-12826035
-21315677
4673663
-7847414
-14683514
-14213439
18822013
8994205
24679439
4891088
-9238201
-24476845
2286467
-11244627
-6801735
-7626147
22288589
1703073
-1088965
22318794
-1661393
-7786729
24807524
3770902
901189
-20873478
12727464
-9274496
-12290522
-24866656
-5450073
-21516577
-9084709
10376775
-14647461
11918436
-11606368
-8360463
5255392
19680506
19299445
22180378
5597309
-20188643
6021939
-8278296
9656810
10316632
-14648665
10443889
10770871
-19777828
-23854963
18424227
-82779
19960693
-21123201
-24097239
16251397
-18810036
-1940903
3096509
-3715273
24546094
-14658840
-12721625
9607864
16909691
-21597167
6279828
-21019780
5649052
21447680
4230528
-21980652
1158229
11615961
19996166
22748962
-15820515
-5530289
-22589168
-19625831
2265588
-10637527
-10672245
-22661615
-2508937
-14540446
-9608154
8041636
-12509130
388139
-934572
-3378591
-8797064
895650
6051215
19470196
-6256436
7113839
17747118
6913798
4071506
6463669
-19878182
-16225508
-3085491
15404879
23758991
-16655269
-16119368
-21846202
7071912
11720252
-4351735
-2277660
19019138
10183620
21013405
-15060010
-12883199
6450137
13010987
23238192
16489349
-19739088
-2617749
-17390881
11816412
-24737422
-19435254
-24474030
4005398
2065645
1722592
-4502967
1302662
20801919
-15759346
-19446737
5423876
7086184
-13299438
-17952886
-838997
-15662928
18316227
12345176
-24026856
18480596
6876512
20867594
23456790
-16196427
-5002962
-13703019
18902810
5833313
14974319
24860905
11392240
-10694611
-21411534
23496413
-22220015
-16645338
-851600
-19993734
-15002340
-24848769
21419677
23217219
942965
15460142
4516113
5030616
-5250425
5963873
-922812
7152277
-13055315
10037074
-18364025
18335816
-6613934
-15302849
-22930821
-4798176
-17931393
-9574389
1594223
20469349
-19172401
-15620251
-5838978
-8881514
3497717
-11795851
-20732872
-9193659
10188671
13309960
2347516
-24178088
22060919
8659292
-5075372
-17003352
4287460
14966421
16547405
-12061063
-18243875
-17177959
12916220
-23644835
-17330586
-14747350
5110346
18082833
-18714518
-21053424
22937659
19572048
-1442992
-24049673
17389619
-8436784
-3700881
-11602373
-23467101
-18454574
1696744
-16729153
21963606
-1365276
-17310442
-19185938
21274897
9726774
14772522
19072530
15914364
-7897815
-1121795
-11344715
13713223
23005558
-3536472
-7194144
-16550929
-6754934
8093802
-13815705
-15479142
6242095
15372301
7775467
2264904
21110591
16269672
-21638588
11697529
-9110168
13433522
10001979
11242193
23485278
-14141565
-10718505
18665607
-23144648
-11022247
20383572
-21689690
-12787048
-11967788
5835473
-4306158
-15098278
-12762897
19384061
20099688
-21506737
-20051445
8287832
-1548377
-9487552
23749988
-9278489
8262423
-85909
3549158
-24835694
18457101
11411110
-17624999
24531
3668663
13876226
2413092
15227945
12147123
-17817968
-859751
-18406281
-20732688
12710230
-17126016
22307906
-6790118
-15463173
-12918376
-7636819
8873487
21885611
-16738276
8204266
-14058724
-19854311
-13449645
-4270256
24735289
20136923
6019072
-6248484
-1693807
-11186553
-23073530
-8100800
-20162050
13007680
-22833190
6817616
7488630
-2990842
-17763063
12917655
4353013
23354836
4020520
10741393
-17361536
-23557918
22511628
-1274404
-12167534
-13814024
-8709182
21571490
3149386
-829265
-10916746
-1477026
2325871
-18316652
15492656
17010199
1162960
-19611267
8287525
15453865
10783760
15974783
17469955
5202201
-17629984
5264008
9874551
-13135671
14648673
-4655932
-21148748
-12413560
1125169
808962
-11908721
23293207
22625295
-17706525
-19080951
-12879783
22522628
-19645020
13749814
5667215
-1075574
3643835
-20508255
805282
6516501
-9773262
-13245305
-1035720
-9932690
13566654
24957633
-8336320
-16027874
-7690574
-8644421
7568458
1311424
-20573511
-18077184
-17194683
-4680517
-23503187
22397805
-23483091
18592068
17199449
19384903
-6130516
24469683
-3832693
17931236
5428780
-22775031
-13197260
-18722225
3726180
772263
-15930731
5347827
-578065
-16410628
4886971
22519129
12558514
851328
21427599
14321080
5315868
15937895
-1649410
10808793
18096139
23432163
5944496
-14652269
-2572388
6246030
-22025164
7213213
14317051
-4158166
17885211
-505404
18900003
20635418
-5471147
-10561290
22169385
-13968349
12629398
-18203805
-7757846
-921338
7500881
24215944
15432511
-21022316
-15160709
665580
22164469
-22121632
-10930965
2931588
1119092
10358514
24835097
6996616
-3719527
-23544991
8850162
22480150
-2202574
1856055
16030775
-21419899
-9295839
-19607626
-21380874
16923095
-18677525
6988888
17151694
-5715783
-21691503
-8445605
-6433362
-5982524
-9068719
6728551
-5084781
-6550072
-3593261
2309255
10048744
11438683
-18227201
-10046378
23375503
-16458512
20800321
12532236
18158237
20714376
2181488
15149248
8998768
15386099
8047886
3920780
8511783
10040137
-24641443
-7083805
-5656896
-9824419
-14273326
19784817
-376909
-15435303
-8208125
5817620
-8934666
14551922
6539789
-9599766
1073410
20488171
16807310
-20407908
21807301
-24249461
-17983129
20077637
21122773
-6209762
13830650
21437317
17102729
-11840752
7555627
3180539
10969590
12010501
23216768
9875082
-6908630
-21509457
-17033849
-5126837
712008
-13012019
15330531
13810806
16749612
-10017299
-3533099
-21393685
-10825413
-13218747
-10924163
13510597
23578788
3455793
7113478
7761243
3023265
-19719080
-3206578
-24447135
1344930
-10710644
-22317912
-13536158
2009070
13611336
19848029
4054833
16335154
21664706
22308864
-2417133
12522020
-3065853
3880083
9819320
-14579993
-6793936
-21671976
6140072
22323337
10224335
7262730
5321475
24083411
19045029
4601751
-17486204
-20102977
-9544476
-18148184
-12189551
6697121
-17586715
18528233
-13577348
-15694107
3866688
-13198264
-21861724
-4865329
17412068
-12728839
-7490119
-10527611
16492970
-24011423
1644640
24575709
22294158
-2658765
-15182799
-23047105
15653349
-21770472
16120594
7026626
-2639387
-12619569
7964040
-15990416
12334233
-842190
879629
14812889
9498414
15885745
5108734
3405914
-7542569
513427
6553319
-18595672
-24810252
-13994600
-20088732
-2046826
-10247152
-9150915
-17409559
18056452
-22042890
-17061914
-17397135
18114288
22034615
-14142446
16043771
-20816244
-22592362
4396025
11945279
-8513743
3837696
19128691
7800438
-6745742
11391531
2696991
4973974
-24392776
-4120158
23238726
7118277
-3219270
15787916
-21587128
-23236853
4647948
23318260
-6832580
-7726223
-18488473
-20210010
14907587
-18947526
4396146
-8445055
7765340
17778274
-1359140
24841973
924978
998275
13061406
13568147
-9932939
2566632
-18938944
3204962
11657010
11561642
12055857
10875110
-18016784
-2823390
-20281617
819808
10822134
-22673628
18621742
-15905594
-13604177
-19134504
9240217
-12877753
5433751
-13303733
13930108
13076217
-21595709
-23300687
-21373810
9918717
-18666886
-24234749
19954864
-2759550
19056871
8212583
720854
846240
20702090
-23557014
-13338751
6605777
5217920
-4363584
22806773
-7269023
-23665910
-21423663
5732810
5438968
24156531
-10453547
13446150
-4940519
16758058
939159
-16865605
-21629206
13636523
-7015161
-199330
9957696
7935452
-22862861
4541996
-18782035
2221746
7477933
6762937
-22390450
1605517
-7224498
-11607684
-15047164
19204246
-22365561
6904326
-15202665
-11110507
-3800869
11742126
24827953
-4033498
-1812779
10762186
16786660
-12680900
-104618