1000
5512
1508
42176
102976
53952
151156
162660
110490
38823
144517
195620
218711
219952
204252
204126
19352
21086
237934
120202
129649
249708
133987
41193
124106
205427
132670
218433
184133
180292
205279
212642
225765
43150
197314
127849
32285
216846
75243
180184
118679
67412
115602
22237
32958
69944
156970
183433
195237
127680
55979
54045
60311
207721
126855
71170
121525
210315
168070
147548
171281
182723
228527
180198
83543
181874
219855
175561
22637
76402
171840
52505
195842
57750
1523
62237
134105
111749
8234
54162
48457
199237
23195
56453
124312
151234
152330
18043
166294
126144
6324
71970
48776
177695
8902
185956
88885
185404
188694
101083
100089
231408
160795
118834
205839
3474
108202
2561
206198
64618
187064
9775
202080
113907
99091
222044
159527
172073
55885
182309
29544
201811
9267
146493
70077
99870
3729
18147
48847
65566
223351
198700
173055
157151
204073
67048
38441
154360
100613
120838
43031
149769
61844
101676
189079
246549
119889
184868
78603
36858
26428
166811
129519
6384
71539
148277
222141
14302
48757
105968
249744
90054
203713
140632
91266
238363
86719
44928
159834
32042
183603
5166
71460
185046
139277
129774
139966
157591
207413
73527
229980
68860
189543
11989
39137
56540
69181
166670
85612
55795
94907
24139
105603
244645
121094
202977
196056
171212
10409
200716
159829
74961
25033
46561
103254
21262
95351
194473
117107
191765
8311
64550
56888
225229
125987
180883
150510
191723
101494
34725
169182
170048
209316
104039
187135
159463
149562
76814
63951
186300
183717
218753
147181
6697
163698
155019
43826
142982
158735
17875
211189
124707
49563
143846
47484
30357
217250
130373
118657
190210
52466
4333
69718
225683
31534
239780
115644
170994
109426
193791
121699
18536
130521
180806
8047
39557
167368
50191
61531
220968
137056
7528
32988
83618
73536
44474
120485
65469
56555
156777
192212
19188
208157
123741
133833
179384
149034
171497
225162
173917
39375
122832
33556
214943
146175
192653
244186
118756
135799
7926
112988
167059
68842
147689
53153
44938
221344
236099
152147
237060
119295
50174
114439
202648
1578
102510
60378
6780
46973
78662
140523
245871
75028
137614
181592
14224
223971
68044
187443
130883
50287
1728
179670
48628
43789
25153
200346
60468
70587
88895
208039
162934
19350
238102
54621
239200
8392
80907
213365
43665
132274
237406
71783
57136
117402
117116
92031
181228
216096
38928
70966
153300
48656
21264
186772
117567
120504
65810
158858
226424
152164
249910
186192
208077
120623
227588
226520
86925
82992
192392
5832
143063
104678
143778
248608
62881
179944
122533
181226
176672
183122
19118
94372
31658
17929
54739
114277
248086
51330
187054
118696
192581
172049
236940
141500
132364
51213
113706
186513
139814
140596
5105
98235
23703
33096
177902
48621
154878
22655
123890
187622
247970
134584
232186
43302
133045
155537
154533
190148
65884
113310
228434
35595
145938
73695
63250
221014
117737
2277
116244
11668
66238
186019
41411
36076
178016
170882
70668
248562
90026
6117
209398
225430
177440
249432
120725
57996
189863
193638
8454
226826
146679
173557
120629
26503
162161
219510
202297
200008
219845
206888
180884
152601
156410
112222
121383
61950
93173
196109
115286
212163
84868
155971
100121
59766
153911
3004
108154
146505
202970
5253
31151
174099
243822
139417
114988
142681
65390
14908
123915
208505
218585
120660
28717
133138
75232
56797
69020
65217
128049
58774
214823
243753
78351
46291
141958
240708
73435
60862
122591
159157
111355
55791
247038
214591
175736
6784
158779
16993
247234
228701
246560
78264
72193
156780
243577
214208
127254
216983
234534
97114
183984
42937
18456
144195
40430
37397
95747
197530
247459
124279
69245
4528
142316
214758
97150
162794
123622
64125
207401
68447
148017
52026
67983
149347
62214
136558
171560
171571
52714
177749
113454
106452
76328
25476
225173
68418
37334
102842
174161
138339
161036
211249
19533
122954
159456
242032
185948
107435
59630
80783
90586
63128
9581
166086
199097
131957
224953
119109
81981
153871
115837
174176
144816
69709
10824
212793
178200
116839
239585
28731
125459
20779
139964
69062
157411
186768
32493
195029
239890
70182
200610
64124
111940
221930
87163
50326
96870
160242
76379
93215
93465
168225
20861
20290
22502
236859
66433
199823
112130
196663
63832
69108
117849
30898
205324
69807
173164
190519
8675
12328
99464
29924
129218
11798
203260
51712
62236
172885
232546
210498
115922
17957
40459
146369
185266
207234
249917
119674
46559
170551
120335
82669
82898
43227
6350
131502
196274
81042
16606
17356
127162
156350
151566
64051
243751
63540
39006
9062
67029
220790
174623
143547
217276
151632
80740
45874
28648
221480
95631
248090
69889
53490
143959
88123
141993
16794
197025
85990
5448
71757
105437
231193
156279
215190
83336
209572
116390
226408
152618
121725
168227
240854
52644
75769
245927
226788
115392
181266
212487
210475
102854
224794
235410
18515
197466
73671
12391
63443
172057
226956
116515
203015
3613
245272
115352
193430
237267
2086
68296
121168
179483
52239
68862
223905
79862
79034
845
68189
92196
165205
151402
15759
123503
44972
218903
130642
245782
137763
17724
9664
197181
52947
54351
175661
5210
215212
237240
57372
210417
52497
239520
113306
112970
91319
30992
50614
155932
11504
188653
118432
72825
194201
221247
6851
75554
100756
79511
208641
26368
234710
197647
99503
234361
58631
173987
126535
247888
143200
218695
114649
91793
193473
107772
39698
175684
38095
152788
32183
13980
168288
224710
234278
199110
149292
186838
2979
81700
47499
100106
154454
135700
28599
31003
225706
104850
140017
128944
54338
167332
154457
52726
12731
42809
74004
26638
129352
86428
181548
81167
37458
197967
47328
194661
108079
10000
213369
150393
85069
121793
171007
44834
200388
43093
64241
228949
63194
162469
132066
184848
35667
159151
98450
114851
109522
115562
211978
191468
125105
122653
57485
166551
150152
216332
62648
206487
88372
83938
172924
215706
141481
239623
43874
182544
246325
109622
102338
219637
228568
95055
213444
216882
204361
246699
45499
128306
99516
182476
85138
242517
48021
21900
25287
212415
64307
4455
144682
234056
230445
107754
140576
229255
239545
166359
43367
46044
115276
165905
118526
249900
13223
242340
212900
30050
159209
90603
212189
153452
170833
184341
106970
155895
248800
180406
167685
119581
214336
81459
118237
241869
214940
118282
239192
120813
204478
234188
227337
38002
203332
249455
13030
183611
63950
85238
229293
55680
58999
245236
53206
223704
42265
241229
63222
46103
784
234680
230455
59138
248673
173786
81708
33817
47668
126656
34959
144941
3148
92086
75572
175020
113265
174187
200119
171378
171311
173358
91945
163562
201113
112004
60581