2000
876397
113012
578131
798417
894841
220236
772353
480119
879191
14935
672795
157314
118186
670987
916852
543773
749175
201112
337406
210127
867649
678656
512740
441754
472313
164440
567379
499170
309701
570939
267571
432101
546677
452816
450434
22256
612541
708207
244998
359530
240241
888227
423098
685148
780267
539433
682292
14525
768392
149660
618607
453135
467046
237891
374677
197741
600271
136376
326104
730401
652857
273183
170417
308251
747363
240694
610637
665370
220552
894595
931231
40968
956114
977875
969886
979421
255557
827592
661487
932879
482147
552854
730778
160040
952332
814435
965054
308785
78139
252693
421985
476164
382102
514596
706673
967057
717810
114846
937784
539573
928795
16922
793972
873796
218429
577639
497021
489170
268005
395255
942183
772678
474889
393225
248253
100002
542405
10376
355919
932928
275639
301852
587230
967859
472610
455067
658865
441517
271202
2828
261611
140711
889808
121913
4083
465224
758882
856981
941611
374692
317414
475884
40780
682883
310509
649306
1275
988877
266343
606670
424651
707433
758926
4856
263933
626943
429691
826112
401186
763361
918774
55503
217968
265176
133644
801472
882870
352975
389141
783028
341120
685423
68764
981227
615513
799755
261072
904346
657350
823303
453791
669987
175174
664531
578177
554177
381784
884952
857979
377139
35533
932769
455795
178249
455918
261911
257916
775603
549239
509036
766436
648299
599735
483314
265550
739227
638668
777699
389342
464178
365871
525344
168762
577882
309570
248786
880328
553437
686999
579466
419688
997918
494995
12001
747495
408351
229628
890514
525308
353602
541838
485468
355107
148314
56867
805491
70252
691860
398981
838949
915508
604084
495609
393801
11268
510188
764007
877912
868679
207132
381582
704479
88604
969773
89347
768517
153303
587733
735818
857198
509599
748154
252391
35740
922339
880402
170237
20448
521015
504078
178534
188467
154455
848049
663957
815604
502308
101194
733
237307
644344
351715
21835
318175
972019
837359
396864
385333
58966
288349
652188
482518
956042
541782
329350
167354
351693
459869
471461
130866
339950
743558
356897
364600
28598
193114
550023
240554
305815
273743
266209
52108
587000
498510
212854
157883
726318
934215
63720
84980
483537
784903
961481
232666
851890
696015
232425
612673
518699
496602
463910
42439
629733
869866
897357
900785
994818
657234
289577
778905
287336
156309
79517
785222
22139
600079
895517
457532
328927
171466
441035
417477
396149
386481
647328
555046
782076
124230
512710
332582
960689
937349
721855
809213
809832
223769
422374
717134
601153
312068
163065
69084
644637
284815
797643
327228
705385
176259
210526
251811
800497
774893
283745
347232
55566
46433
646290
243252
222538
342310
118708
870587
144524
956994
818215
349987
434454
270304
975390
798370
177704
178383
856378
16859
8400
371951
772840
111334
588837
320100
849660
605817
913703
260899
532084
185796
653603
374622
753646
763399
577479
179122
494596
258842
193359
292478
924560
687642
466599
447656
892774
435081
200868
412156
74106
622114
918514
266886
338832
683615
273592
534956
654414
902437
492649
512890
956883
883625
424909
632419
696383
59831
516658
211990
220890
998581
683787
597536
823499
715922
447391
85197
644734
141181
427326
414579
404949
501547
186792
909970
267281
386716
35790
70030
489806
42523
524707
592158
766193
680469
335594
40934
262732
834180
751272
832942
918422
191265
75525
938327
320978
443387
622909
236223
188395
890221
513233
475111
78070
107941
455336
696833
514939
365137
309666
24040
446627
722184
178367
473874
91628
831343
143030
380328
406456
822464
810554
389908
594383
496156
416071
310282
111267
971643
946303
943329
412880
833807
301410
152301
11474
117046
688122
572527
880258
344101
747793
469042
441605
808901
471795
266693
12897
601650
846698
489635
300357
242581
829767
365931
79667
123324
880728
581913
691870
145054
585565
543295
418834
366337
611159
612820
420773
26066
462400
974582
143220
570502
500070
62354
74670
341511
948303
785481
24361
149377
297384
509616
124945
456667
642971
170299
4040
935479
72634
888149
236318
106208
880656
735204
758535
204497
50208
75268
197742
858974
845920
986831
139250
872115
346415
729854
742511
767412
291260
738155
175021
95247
557552
542493
847669
75949
418350
962166
723365
440860
608780
485294
953431
574250
738264
37011
689846
764865
303818
870173
291303
873035
587739
165386
303457
310553
370365
252829
110252
913117
427788
236627
644218
334479
713128
141070
548656
338163
887534
682586
786146
88041
351902
756881
250194
360625
33399
565000
133851
309403
40008
977645
463593
421087
446851
301986
507508
392165
239036
537116
705583
165520
851913
810248
13071
372152
841076
618952
861121
597193
488354
351683
877331
621232
84026
203262
521132
830857
915192
942831
277153
805365
118977
800849
873109
450143
773033
223130
887627
411142
633562
156490
99126
350418
977002
620626
236127
541653
743810
878041
519549
414446
703879
536658
821048
688324
100313
842361
337061
243589
780853
676650
476973
296205
259962
900218
46543
51064
937139
562928
599119
617945
731325
449978
963630
331863
252556
526913
644229
463400
967134
979479
87046
37150
423281
862706
101486
582319
979800
184784
349829
930672
886069
644038
630289
956911
679517
802921
90455
76784
574083
185063
604513
180882
278922
901604
683121
253900
573028
489184
435768
573400
198131
873660
276454
801373
589603
439822
872923
397256
798732
464223
71264
752355
213098
668447
731875
87286
819689
6718
652346
449634
436458
567445
889317
782071
374965
906164
758228
521676
179585
847585
9291
490615
749016
776429
732540
12409
367583
828915
367308
239694
929998
693198
278051
109859
113799
852158
967783
610475
169729
595835
434210
566309
836838
986133
136942
630686
984343
494383
426407
683439
681594
351247
217671
951146
454932
580648
3339
436668
935906
719466
719702
990773
639410
412652
519636
743259
289393
779458
668271
522807
938380
147752
351947
583750
413375
442981
653777
762882
639487
101853
28065
873199
402507
683869
558099
578751
475527
326905
654926
533150
848819
531114
674568
450262
876132
443436
926899
424186
466497
393682
341293
204885
826111
903600
745058
533841
999299
633921
537771
11951
926871
240456
797181
834053
691400
846503
588266
955541
854552
940885
267731
962487
124531
135121
673988
407265
473184
901684
707617
969938
516081
229591
296385
245804
760560
823180
47088
498907
938810
24258
579451
841606
789134
642975
606279
608362
733933
840515
758862
29629
855170
971358
569633
525611
125951
378805
80354
690990
229611
337792
60657
97615
926303
567832
495869
697279
944071
551377
73492
868220
799414
89358
16730
830294
361433
426125
173353
481555
528841
65625
673332
632669
142822
677988
114768
544723
659957
770773
119853
381754
742826
356097
269295
601018
963600
481836
915303
221302
147105
909000
664290
182555
767022
890641
230214
765812
954628
739339
164177
699825
205452
598798
162149
163986
664459
427988
954793
248314
453064
37322
173298
431524
691738
125394
443317
820062
415711
866693
879597
510822
952051
334450
619841
401334
490777
865646
252180
447774
348955
590094
920617
606595
420027
176302
144028
193947
105309
936558
535612
527043
666988
768238
195958
871677
490992
751031
75284
765247
786896
945749
538916
872646
284580
189003
253401
264347
542307
762651
173682
562341
702612
800539
104108
361051
116704
566703
11496
515435
981366
249369
714753
479153
331081
352554
843833
183812
138491
748163
910342
739746
790362
486932
660878
403206
51178
47971
322014
231024
922901
879680
651639
342658
762876
973270
824430
866448
664129
834907
754973
924289
739534
559849
783881
537526
230996
59763
541564
932026
345169
69588
125856
794144
852308
433936
771979
215680
139661
700901
309873
68732
244688
780472
592533
101685
597729
372094
716276
357810
528123
977384
519682
303584
993189
986053
211
230513
703051
123352
172209
991415
506406
389988
885855
853313
753823
857495
490349
328939
201291
608750
726787
963228
525033
686240
679601
959061
967315
682195
939796
858901
343486
183754
403902
367784
549905
822272
800954
866255
433724
541465
512628
16309
528692
318458
562326
854699
894617
739220
347862
740234
881745
387337
156519
919373
250597
556454
778550
306949
306451
41150
263197
20855
183555
313307
647928
322652
986086
518070
303408
931551
56540
624093
895214
659825
96121
710478
434535
206575
123914
824901
64444
228095
334333
199561
977156
956148
27234
484528
117187
993450
43722
494005
559803
392574
278267
491773
832753
215384
670529
239673
868612
376546
435811
416310
683693
257651
492122
496694
823251
540118
121918
571974
183034
481549
976705
35102
686522
983993
336151
691779
295418
501557
400883
309957
887829
562535
64290
502640
381557
604348
877725
219151
536045
884241
956289
687898
792283
918022
515868
719504
464026
530540
661277
577068
871531
471747
310971
78253
415869
243165
805250
848759
879232
978750
944255
367055
975662
125854
528481
121158
193361
989482
115137
218903
662392
902767
35929
298793
525260
288807
242819
768500
468125
616646
227753
764878
840280
823814
438426
416082
251564
986036
86770
138391
799097
28965
339919
557295
939985
589234
712235
666429
389540
394709
526143
474543
415402
442373
914676
968764
435817
12177
552993
127062
346
36750
380634
262585
750996
179377
526774
151847
687427
112399
869594
207325
902711
976745
419806
633427
562847
478633
358807
936026
576571
576389
378959
73416
90503
753209
349475
397907
909138
469661
980264
239386
433043
959708
138045
762346
648331
77333
806298
760608
62459
560388
979001
277141
525114
318817
571831
438657
22567
281248
405916
957184
653370
616966
550491
423956
657791
307217
172082
997787
829901
128867
242709
217765
132134
630208
774281
943003
838699
657459
985096
485514
672335
598198
873567
16183
597388
101817
548301
771685
181377
910817
375339
627890
63745
23080
586015
816076
409217
714089
104555
341113
905251
808511
930706
933591
317679
761235
145006
894906
544536
628828
599958
365107
296152
920401
284848
55171
743399
534307
826567
555973
758916
400396
816409
919084
753527
614818
154020
109054
44192
958204
533786
124609
552904
643982
580263
863823
667491
939975
698504
836152
956811
653395
227149
552549
310858
10231
331737
143343
738231
530844
72677
874909
887521
548581
582197
504855
992102
11622
180063
702860
607215
35952
850713
586331
95042
475348
812203
652170
340138
421025
387679
803423
835803
990415
599162
105521
173246
263859
608225
743296
283081
10677
370822
513348
885527
658876
237088
4322
61785
75407
871721
655869
759911
995644
228937
920858
802681
640818
457507
835510
198028
679567
803204
317206
143164
269254
39105
897106
949419
476676
331608
728242
403396
436767
419778
596537
665129
337365
700804
436165
238260
807881
590384
264730
549303
731809
43512
840159
761477
678303
302839
532428
806352
772715
545267
603513
207472
53616
370184
616272
619771
339981
54903
585109
743799
143479
252473
323143
575865
632399
255729
465315
940014
21341
597249
390146
89182
538473
767902
411354
225741
198945
135629
271115
173836
799180
921889
630680
891500
816264
389065
611512
967181
84531
816394
898278
752977
5275
520931
405823
479336
720368
264294
129077
422573
837524
592413
785010
175466
155120
514331
668998
285713
958829
390531
420825
204352
783788
411272
944619
221590
621793
431643
759600
243334
644216
498134
855483
204947
698970
637169
83906
17542
362078
932018
505372
934651
6551
848541
336312
206766
136878
455213
736379
301933
720066
325799
8351
694000
395569
693926
969189
594002
576312
184233
857542
288725
504694
885743
778357
339389
736930
580063
476495
517951
430424
651456
923634
26811
885158
486173
197800
935246
74960
737853
84711
166579
695264
457666
523267
318417
489783
161483
809377
5044
667979
489904
441230
177844
74475
216647
429957
120808
70184
996922
469835
556814
978718
218427
871509
68610
402164
981539
808841
909395
496126
33943
519041
838458
99522
690962
593461
47027
362475
459939
849605
575447
770685
471451
849971
940520
210226
745789
952335
668510
56216
76991
865061
78037
268017
527896
187861
476836
586157
454657
916253
508243
352641
899982
508917
634036
970862
602771
78322
383513
623186
382929
758333
610245
147316
894387
786129
507266
368455
930989
858383
656374
29204
140331
853179
419134
168881
441004
570441
571625
503101
116624
460870
907818
543686
341362
222806
870703
962533
215935
969657
607455
667467
568822
45324
673286
318658
254816
930721
373629
741767
680594
108381
655167
596273
259878
479039
212309
46802
89783
465155
529858
32329
506696
880411
506561
922059
850515
66559
805954
671581
915425
544733
152520
961331
250928
988907
460382
95006
179893
100476
914064
510282
196811
829858
822507
8243
805702
311544
283807
862323
10496
823900
872750
750779
439799
575125
160770
688410
538762
751226
468143
188257
124766
702047
826342
135860
955860
693835
345345
270971
18657
117303
866909
989306
551090
19575
835517
676838
57904
498318
116356
538970
782752
943631
661085
91524
671983
401740
521532
675802
828136
771971
556243
428666
632333
725807
385516
494763
3516
686646
52382
111867
966199
12835
843666
893193
956991
883443
199688
420224
739607
483932
630505
40444
634869
929172
405505
181135
40962
734817
463877
554119
172303
669542
442835
246685
561059
438243
356972
825283
634058
340754
673321
371258
445935
4489
572771
769916
99964
767891
134533
788539
202051
101307
936195
344203
141465
515798
793796
703161
320301
204380
453800
268698
222768
498263
939563
296657
569999
596980
332134
518747
526470
374405
786165
398853
810611
259247
594509
630380
356401
635588
81170
273071
600284
675337
352067
70995
733347
98632
105219
45260
644447
653811
504982
429677
886953
404623
148489
947671
64925
276113
199916
502983
435757
615785
262069
827646
315142
537341
533592
882218
921288
163415
346759
684712
123210
180729
668414
547431
146195
868568
563309
471367
491761
286873
874300
872658
869423
356487
511900
405987
110757
646838
565454
80287
435671
578186
837313
984498